200	9	200	1	1
200	3	200	2	1
120	9	120	3	2
120	2	120	4	2
-
180	17	180	1	1
180	9	180	2	1
180	5	180	3	1
180	26	180	4	1
180	5	180	5	1
160	2	160	6	2
160	27	160	7	2
160	8	160	8	2
160	9	160	9	2
160	12	160	10	2
50	1	50	11	3
50	1	50	12	3
50	1	50	13	3
50	1	50	14	3
50	1	50	15	3
-
140	1	140	1	1
140	3	140	2	1
150	54	150	3	2
150	47	150	4	2
140	1	140	5	3
140	1	140	6	3
-
180	53	180	1	1
180	22	180	2	1
180	2	180	3	1
180	5	180	4	1
180	2	180	5	1
80	1	80	6	2
80	6	80	7	2
80	4	80	8	2
80	2	80	9	2
80	1	80	10	2
-
140	17	140	1	1
140	4	140	2	1
140	13	140	3	1
160	47	160	4	2
160	27	160	5	2
160	8	160	6	2
150	1	150	7	3
150	2	150	8	3
150	2	150	9	3
-
50	5	50	1	1
50	2	50	2	1
160	17	160	3	2
160	22	160	4	2
-
120	31	120	1	1
120	42	120	2	1
160	33	160	3	2
160	2	160	4	2
120	1	120	5	3
120	5	120	6	3
-
120	11	120	1	1
120	19	120	2	1
50	2	50	3	2
50	2	50	4	2
-
120	3	120	1	1
120	2	120	2	1
120	4	120	3	1
120	2	120	4	1
120	11	120	5	1
60	2	60	6	2
60	4	60	7	2
60	1	60	8	2
60	3	60	9	2
60	6	60	10	2
-
80	9	80	1	1
80	1	80	2	1
80	3	80	3	1
80	5	80	4	1
80	4	80	5	1
150	7	150	6	2
150	15	150	7	2
150	7	150	8	2
150	3	150	9	2
150	6	150	10	2
100	1	100	11	3
100	1	100	12	3
100	1	100	13	3
100	1	100	14	3
100	1	100	15	3
-
120	18	120	1	1
120	5	120	2	1
80	15	80	3	2
80	4	80	4	2
-
60	1	60	1	1
60	1	60	2	1
100	35	100	3	2
100	59	100	4	2
-
200	9	200	1	1
200	32	200	2	1
200	33	200	3	1
50	1	50	4	2
50	1	50	5	2
50	1	50	6	2
-
200	3	200	1	1
200	11	200	2	1
200	33	200	3	1
200	28	200	4	1
200	32	200	5	1
180	5	180	6	2
180	6	180	7	2
180	30	180	8	2
180	14	180	9	2
180	26	180	10	2
160	1	160	11	3
160	1	160	12	3
160	6	160	13	3
160	4	160	14	3
160	1	160	15	3
-
120	3	120	1	1
120	4	120	2	1
120	1	120	3	1
120	23	120	4	1
120	10	120	5	2
120	3	120	6	2
120	2	120	7	2
120	6	120	8	2
-
140	2	140	1	1
140	6	140	2	1
140	10	140	3	1
140	21	140	4	1
140	4	140	5	1
200	2	200	6	2
200	6	200	7	2
200	1	200	8	2
200	4	200	9	2
200	1	200	10	2
180	1	180	11	3
180	2	180	12	3
180	3	180	13	3
180	5	180	14	3
180	4	180	15	3
-
180	25	180	1	1
180	30	180	2	1
180	6	180	3	1
180	3	180	4	1
180	1	180	5	1
160	6	160	6	2
160	2	160	7	2
160	3	160	8	2
160	4	160	9	2
160	2	160	10	2
160	12	160	11	3
160	3	160	12	3
160	10	160	13	3
160	5	160	14	3
160	10	160	15	3
-
50	1	50	1	1
50	1	50	2	1
50	1	50	3	1
50	1	50	4	1
50	1	50	5	1
140	2	140	6	2
140	3	140	7	2
140	2	140	8	2
140	2	140	9	2
140	1	140	10	2
-
160	4	160	1	1
160	3	160	2	1
160	9	160	3	1
160	2	160	4	1
160	8	160	5	1
200	40	200	6	2
200	10	200	7	2
200	15	200	8	2
200	10	200	9	2
200	3	200	10	2
180	2	180	11	3
180	5	180	12	3
180	2	180	13	3
180	2	180	14	3
180	6	180	15	3
-
60	20	60	1	1
60	18	60	2	1
60	10	60	3	1
100	16	100	4	2
100	6	100	5	2
100	3	100	6	2
200	2	200	7	3
200	2	200	8	3
200	3	200	9	3
-
120	13	120	1	1
120	49	120	2	1
120	16	120	3	1
60	6	60	4	2
60	4	60	5	2
60	12	60	6	2
140	1	140	7	3
140	1	140	8	3
140	7	140	9	3
-
120	10	120	1	1
120	17	120	2	1
120	3	120	3	1
120	10	120	4	1
60	1	60	5	2
60	1	60	6	2
60	1	60	7	2
60	1	60	8	2
-
80	2	80	1	1
80	6	80	2	1
80	2	80	3	1
180	5	180	4	2
180	12	180	5	2
180	1	180	6	2
160	3	160	7	3
160	16	160	8	3
160	1	160	9	3
-
140	10	140	1	1
140	2	140	2	1
160	39	160	3	2
160	16	160	4	2
50	1	50	5	3
50	3	50	6	3
-
160	1	160	1	1
160	1	160	2	1
160	1	160	3	1
160	1	160	4	1
160	19	160	5	2
160	10	160	6	2
160	2	160	7	2
160	1	160	8	2
150	3	150	9	3
150	2	150	10	3
150	3	150	11	3
150	3	150	12	3
-
180	9	180	1	1
180	3	180	2	1
180	5	180	3	1
180	25	180	4	2
180	16	180	5	2
180	25	180	6	2
-
140	92	140	1	1
140	16	140	2	1
200	11	200	3	2
200	9	200	4	2
-
200	7	200	1	1
200	2	200	2	1
80	21	80	3	2
80	3	80	4	2
-
140	1	140	1	1
140	2	140	2	1
120	7	120	3	2
120	2	120	4	2
180	5	180	5	3
180	22	180	6	3
-
50	2	50	1	1
50	7	50	2	1
50	3	50	3	1
50	1	50	4	1
50	8	50	5	1
150	3	150	6	2
150	31	150	7	2
150	10	150	8	2
150	5	150	9	2
150	5	150	10	2
-
160	11	160	1	1
160	20	160	2	1
160	2	160	3	1
160	2	160	4	1
160	11	160	5	1
160	1	160	6	2
160	2	160	7	2
160	2	160	8	2
160	3	160	9	2
160	1	160	10	2
-
100	1	100	1	1
100	1	100	2	1
100	1	100	3	1
100	1	100	4	1
100	1	100	5	1
140	1	140	6	2
140	1	140	7	2
140	1	140	8	2
140	2	140	9	2
140	3	140	10	2
120	5	120	11	3
120	3	120	12	3
120	2	120	13	3
120	2	120	14	3
120	13	120	15	3
-
60	18	60	1	1
60	5	60	2	1
60	2	60	3	1
60	21	60	4	1
160	14	160	5	2
160	8	160	6	2
160	19	160	7	2
160	14	160	8	2
-
200	59	200	1	1
200	10	200	2	1
200	99	200	3	1
200	4	200	4	2
200	5	200	5	2
200	45	200	6	2
-
140	15	140	1	1
140	1	140	2	1
200	18	200	3	2
200	56	200	4	2
50	12	50	5	3
50	8	50	6	3
-
200	1	200	1	1
200	12	200	2	1
140	10	140	3	2
140	3	140	4	2
-
60	1	60	1	1
60	1	60	2	1
60	1	60	3	1
60	1	60	4	1
60	1	60	5	1
200	12	200	6	2
200	25	200	7	2
200	36	200	8	2
200	14	200	9	2
200	5	200	10	2
-
80	5	80	1	1
80	4	80	2	1
80	2	80	3	1
60	4	60	4	2
60	2	60	5	2
60	3	60	6	2
-
60	1	60	1	1
60	1	60	2	1
60	1	60	3	1
60	1	60	4	1
60	1	60	5	1
200	20	200	6	2
200	6	200	7	2
200	19	200	8	2
200	14	200	9	2
200	14	200	10	2
-
60	2	60	1	1
60	3	60	2	1
60	7	60	3	1
60	1	60	4	1
60	6	60	5	1
120	19	120	6	2
120	6	120	7	2
120	10	120	8	2
120	23	120	9	2
120	24	120	10	2
-
100	1	100	1	1
100	1	100	2	1
100	1	100	3	1
100	1	100	4	1
180	2	180	5	2
180	6	180	6	2
180	26	180	7	2
180	14	180	8	2
50	2	50	9	3
50	13	50	10	3
50	2	50	11	3
50	10	50	12	3
-
80	1	80	1	1
80	1	80	2	1
80	2	80	3	1
80	1	80	4	1
80	2	80	5	1
140	2	140	6	2
140	12	140	7	2
140	9	140	8	2
140	3	140	9	2
140	8	140	10	2
140	8	140	11	3
140	4	140	12	3
140	2	140	13	3
140	4	140	14	3
140	14	140	15	3
-
50	3	50	1	1
50	2	50	2	1
50	11	50	3	1
50	2	50	4	1
60	3	60	5	2
60	1	60	6	2
60	8	60	7	2
60	6	60	8	2
120	18	120	9	3
120	7	120	10	3
120	6	120	11	3
120	1	120	12	3
-
50	1	50	1	1
50	2	50	2	1
50	4	50	3	1
50	3	50	4	1
50	1	50	5	1
180	27	180	6	2
180	17	180	7	2
180	27	180	8	2
180	2	180	9	2
180	24	180	10	2
-
150	8	150	1	1
150	9	150	2	1
150	3	150	3	1
160	1	160	4	2
160	1	160	5	2
160	1	160	6	2
140	1	140	7	3
140	2	140	8	3
140	2	140	9	3
-
120	17	120	1	1
120	36	120	2	1
80	10	80	3	2
80	4	80	4	2
-
60	4	60	1	1
60	1	60	2	1
60	3	60	3	1
60	2	60	4	1
60	3	60	5	1
100	2	100	6	2
100	4	100	7	2
100	1	100	8	2
100	1	100	9	2
100	2	100	10	2
80	1	80	11	3
80	1	80	12	3
80	1	80	13	3
80	1	80	14	3
80	1	80	15	3
-
180	7	180	1	1
180	24	180	2	1
180	8	180	3	1
180	5	180	4	1
180	82	180	5	1
50	2	50	6	2
50	1	50	7	2
50	3	50	8	2
50	1	50	9	2
50	1	50	10	2
150	1	150	11	3
150	1	150	12	3
150	4	150	13	3
150	1	150	14	3
150	2	150	15	3
-
120	9	120	1	1
120	7	120	2	1
120	14	120	3	1
180	4	180	4	2
180	1	180	5	2
180	3	180	6	2
80	37	80	7	3
80	13	80	8	3
80	9	80	9	3
-
150	11	150	1	1
150	101	150	2	1
120	12	120	3	2
120	18	120	4	2
120	6	120	5	3
120	5	120	6	3
-
180	3	180	1	1
180	32	180	2	1
180	30	180	3	1
50	6	50	4	2
50	1	50	5	2
50	19	50	6	2
-
60	6	60	1	1
60	6	60	2	1
60	8	60	3	1
60	2	60	4	1
60	10	60	5	1
160	3	160	6	2
160	2	160	7	2
160	2	160	8	2
160	4	160	9	2
160	1	160	10	2
-
160	2	160	1	1
160	14	160	2	1
160	106	160	3	1
50	4	50	4	2
50	1	50	5	2
50	2	50	6	2
150	2	150	7	3
150	15	150	8	3
150	24	150	9	3
-
120	11	120	1	1
120	65	120	2	1
120	5	120	3	1
120	30	120	4	1
60	2	60	5	2
60	1	60	6	2
60	8	60	7	2
60	3	60	8	2
-
120	8	120	1	1
120	17	120	2	1
120	7	120	3	1
120	2	120	4	1
100	1	100	5	2
100	2	100	6	2
100	1	100	7	2
100	1	100	8	2
180	6	180	9	3
180	4	180	10	3
180	4	180	11	3
180	6	180	12	3
-
80	1	80	1	1
80	1	80	2	1
120	11	120	3	2
120	3	120	4	2
-
120	16	120	1	1
120	25	120	2	1
120	28	120	3	1
140	3	140	4	2
140	9	140	5	2
140	2	140	6	2
150	1	150	7	3
150	1	150	8	3
150	1	150	9	3
-
120	1	120	1	1
120	1	120	2	1
200	52	200	3	2
200	41	200	4	2
-
100	2	100	1	1
100	5	100	2	1
100	1	100	3	1
100	4	100	4	1
100	3	100	5	1
150	15	150	6	2
150	43	150	7	2
150	4	150	8	2
150	4	150	9	2
150	29	150	10	2
-
180	19	180	1	1
180	1	180	2	1
180	5	180	3	1
180	11	180	4	1
60	4	60	5	2
60	3	60	6	2
60	8	60	7	2
60	2	60	8	2
-
120	12	120	1	1
120	16	120	2	1
120	30	120	3	1
160	13	160	4	2
160	13	160	5	2
160	28	160	6	2
140	7	140	7	3
140	4	140	8	3
140	2	140	9	3
-
180	8	180	1	1
180	4	180	2	1
140	53	140	3	2
140	76	140	4	2
-
100	8	100	1	1
100	4	100	2	1
100	4	100	3	1
100	4	100	4	1
100	3	100	5	1
180	3	180	6	2
180	1	180	7	2
180	4	180	8	2
180	5	180	9	2
180	8	180	10	2
-
50	1	50	1	1
50	1	50	2	1
50	1	50	3	1
140	17	140	4	2
140	3	140	5	2
140	5	140	6	2
120	1	120	7	3
120	1	120	8	3
120	1	120	9	3
-
160	1	160	1	1
160	1	160	2	1
160	2	160	3	1
160	2	160	4	1
150	5	150	5	2
150	1	150	6	2
150	1	150	7	2
150	3	150	8	2
-
160	4	160	1	1
160	1	160	2	1
160	3	160	3	1
160	3	160	4	1
160	2	160	5	1
150	3	150	6	2
150	5	150	7	2
150	2	150	8	2
150	35	150	9	2
150	4	150	10	2
200	4	200	11	3
200	5	200	12	3
200	6	200	13	3
200	11	200	14	3
200	2	200	15	3
-
160	7	160	1	1
160	18	160	2	1
160	1	160	3	1
160	3	160	4	2
160	6	160	5	2
160	9	160	6	2
-
150	11	150	1	1
150	6	150	2	1
120	21	120	3	2
120	59	120	4	2
-
180	6	180	1	1
180	27	180	2	1
180	16	180	3	1
180	3	180	4	1
180	6	180	5	1
160	5	160	6	2
160	1	160	7	2
160	20	160	8	2
160	4	160	9	2
160	38	160	10	2
50	1	50	11	3
50	1	50	12	3
50	1	50	13	3
50	1	50	14	3
50	1	50	15	3
-
50	3	50	1	1
50	3	50	2	1
200	5	200	3	2
200	12	200	4	2
180	149	180	5	3
180	21	180	6	3
-
80	5	80	1	1
80	13	80	2	1
80	2	80	3	1
80	5	80	4	1
100	3	100	5	2
100	3	100	6	2
100	7	100	7	2
100	9	100	8	2
-
80	12	80	1	1
80	14	80	2	1
80	33	80	3	1
80	5	80	4	1
80	9	80	5	1
140	3	140	6	2
140	12	140	7	2
140	7	140	8	2
140	7	140	9	2
140	3	140	10	2
-
200	53	200	1	1
200	96	200	2	1
200	9	200	3	1
200	21	200	4	1
200	8	200	5	1
60	1	60	6	2
60	1	60	7	2
60	1	60	8	2
60	1	60	9	2
60	1	60	10	2
-
100	9	100	1	1
100	10	100	2	1
100	4	100	3	1
100	17	100	4	1
100	30	100	5	1
80	6	80	6	2
80	5	80	7	2
80	8	80	8	2
80	11	80	9	2
80	7	80	10	2
-
180	14	180	1	1
180	1	180	2	1
180	3	180	3	1
180	4	180	4	1
160	1	160	5	2
160	1	160	6	2
160	2	160	7	2
160	1	160	8	2
50	3	50	9	3
50	5	50	10	3
50	2	50	11	3
50	1	50	12	3
-
100	3	100	1	1
100	12	100	2	1
50	3	50	3	2
50	9	50	4	2
50	2	50	5	3
50	2	50	6	3
-
200	6	200	1	1
200	15	200	2	1
200	14	200	3	1
200	14	200	4	1
140	1	140	5	2
140	1	140	6	2
140	1	140	7	2
140	1	140	8	2
100	2	100	9	3
100	3	100	10	3
100	12	100	11	3
100	15	100	12	3
-
100	7	100	1	1
100	5	100	2	1
100	5	100	3	1
100	3	100	4	1
100	2	100	5	2
100	4	100	6	2
100	9	100	7	2
100	1	100	8	2
-
100	6	100	1	1
100	6	100	2	1
100	1	100	3	1
180	54	180	4	2
180	24	180	5	2
180	69	180	6	2
-
50	2	50	1	1
50	3	50	2	1
50	1	50	3	1
50	3	50	4	1
50	4	50	5	1
50	10	50	6	2
50	8	50	7	2
50	6	50	8	2
50	3	50	9	2
50	2	50	10	2
-
200	17	200	1	1
200	3	200	2	1
200	47	200	3	2
200	76	200	4	2
-
160	3	160	1	1
160	113	160	2	1
160	35	160	3	1
100	1	100	4	2
100	10	100	5	2
100	4	100	6	2
-
180	42	180	1	1
180	1	180	2	1
180	9	180	3	2
180	19	180	4	2
-
160	4	160	1	1
160	4	160	2	1
160	6	160	3	1
160	1	160	4	1
160	1	160	5	1
140	34	140	6	2
140	20	140	7	2
140	8	140	8	2
140	49	140	9	2
140	7	140	10	2
-
100	12	100	1	1
100	2	100	2	1
150	28	150	3	2
150	3	150	4	2
200	8	200	5	3
200	8	200	6	3
-
150	34	150	1	1
150	108	150	2	1
150	9	150	3	2
150	10	150	4	2
-
180	3	180	1	1
180	35	180	2	1
180	38	180	3	1
180	62	180	4	1
180	9	180	5	1
100	2	100	6	2
100	5	100	7	2
100	4	100	8	2
100	2	100	9	2
100	1	100	10	2
-
180	1	180	1	1
180	9	180	2	1
100	5	100	3	2
100	34	100	4	2
-
180	3	180	1	1
180	24	180	2	1
180	29	180	3	1
180	9	180	4	1
120	8	120	5	2
120	2	120	6	2
120	12	120	7	2
120	1	120	8	2
140	7	140	9	3
140	24	140	10	3
140	15	140	11	3
140	12	140	12	3
-
200	4	200	1	1
200	2	200	2	1
200	2	200	3	1
200	4	200	4	1
100	2	100	5	2
100	2	100	6	2
100	1	100	7	2
100	2	100	8	2
150	1	150	9	3
150	1	150	10	3
150	1	150	11	3
150	1	150	12	3
-
80	7	80	1	1
80	13	80	2	1
80	8	80	3	1
120	52	120	4	2
120	2	120	5	2
120	28	120	6	2
200	6	200	7	3
200	6	200	8	3
200	3	200	9	3
-
60	12	60	1	1
60	5	60	2	1
120	4	120	3	2
120	2	120	4	2
-
140	18	140	1	1
140	11	140	2	1
180	5	180	3	2
180	2	180	4	2
-
140	3	140	1	1
140	4	140	2	1
140	1	140	3	1
140	2	140	4	1
150	7	150	5	2
150	3	150	6	2
150	1	150	7	2
150	25	150	8	2
-
80	2	80	1	1
80	2	80	2	1
80	2	80	3	1
200	42	200	4	2
200	25	200	5	2
200	30	200	6	2
160	10	160	7	3
160	5	160	8	3
160	8	160	9	3
-
100	12	100	1	1
100	12	100	2	1
60	6	60	3	2
60	6	60	4	2
-
100	2	100	1	1
100	1	100	2	1
100	4	100	3	1
100	9	100	4	1
150	21	150	5	2
150	32	150	6	2
150	39	150	7	2
150	45	150	8	2
-
160	13	160	1	1
160	5	160	2	1
160	8	160	3	1
160	16	160	4	1
150	7	150	5	2
150	2	150	6	2
150	18	150	7	2
150	2	150	8	2
160	29	160	9	3
160	17	160	10	3
160	15	160	11	3
160	21	160	12	3
-
200	21	200	1	1
200	11	200	2	1
200	37	200	3	1
200	13	200	4	1
200	93	200	5	1
140	3	140	6	2
140	2	140	7	2
140	4	140	8	2
140	1	140	9	2
140	4	140	10	2
-
100	6	100	1	1
100	6	100	2	1
100	1	100	3	1
120	1	120	4	2
120	1	120	5	2
120	2	120	6	2
80	8	80	7	3
80	1	80	8	3
80	3	80	9	3
-
100	30	100	1	1
100	6	100	2	1
60	1	60	3	2
60	2	60	4	2
-
120	38	120	1	1
120	4	120	2	1
80	14	80	3	2
80	44	80	4	2
-
100	11	100	1	1
100	5	100	2	1
100	1	100	3	1
100	5	100	4	1
50	1	50	5	2
50	1	50	6	2
50	1	50	7	2
50	1	50	8	2
-
140	40	140	1	1
140	8	140	2	1
140	13	140	3	1
80	18	80	4	2
80	9	80	5	2
80	29	80	6	2
-
180	37	180	1	1
180	18	180	2	1
180	41	180	3	1
150	6	150	4	2
150	8	150	5	2
150	9	150	6	2
80	1	80	7	3
80	1	80	8	3
80	1	80	9	3
-
100	1	100	1	1
100	1	100	2	1
100	3	100	3	1
100	3	100	4	1
60	4	60	5	2
60	3	60	6	2
60	4	60	7	2
60	5	60	8	2
-
100	16	100	1	1
100	17	100	2	1
100	14	100	3	1
100	9	100	4	1
140	8	140	5	2
140	9	140	6	2
140	4	140	7	2
140	9	140	8	2
-
60	1	60	1	1
60	3	60	2	1
60	1	60	3	1
200	43	200	4	2
200	18	200	5	2
200	30	200	6	2
-
140	82	140	1	1
140	14	140	2	1
200	24	200	3	2
200	12	200	4	2
-
60	1	60	1	1
60	1	60	2	1
60	1	60	3	1
60	1	60	4	1
60	1	60	5	1
60	1	60	6	2
60	2	60	7	2
60	1	60	8	2
60	5	60	9	2
60	3	60	10	2
80	3	80	11	3
80	4	80	12	3
80	2	80	13	3
80	1	80	14	3
80	2	80	15	3
-
50	1	50	1	1
50	1	50	2	1
50	1	50	3	1
50	1	50	4	1
100	3	100	5	2
100	2	100	6	2
100	1	100	7	2
100	3	100	8	2
50	4	50	9	3
50	2	50	10	3
50	2	50	11	3
50	3	50	12	3
-
180	5	180	1	1
180	45	180	2	1
180	8	180	3	1
180	7	180	4	1
50	8	50	5	2
50	3	50	6	2
50	2	50	7	2
50	5	50	8	2
-
200	1	200	1	1
200	1	200	2	1
200	1	200	3	1
120	5	120	4	2
120	57	120	5	2
120	6	120	6	2
-
160	5	160	1	1
160	2	160	2	1
160	3	160	3	1
160	2	160	4	1
140	6	140	5	2
140	2	140	6	2
140	8	140	7	2
140	2	140	8	2
100	1	100	9	3
100	1	100	10	3
100	1	100	11	3
100	1	100	12	3
-
160	6	160	1	1
160	2	160	2	1
160	2	160	3	1
160	1	160	4	1
160	11	160	5	1
100	3	100	6	2
100	2	100	7	2
100	3	100	8	2
100	2	100	9	2
100	3	100	10	2
120	9	120	11	3
120	2	120	12	3
120	5	120	13	3
120	2	120	14	3
120	11	120	15	3
-
180	8	180	1	1
180	7	180	2	1
180	15	180	3	1
150	2	150	4	2
150	4	150	5	2
150	4	150	6	2
-
80	3	80	1	1
80	3	80	2	1
80	3	80	3	1
160	3	160	4	2
160	4	160	5	2
160	9	160	6	2
160	2	160	7	3
160	1	160	8	3
160	3	160	9	3
-
80	2	80	1	1
80	2	80	2	1
80	4	80	3	1
150	1	150	4	2
150	1	150	5	2
150	1	150	6	2
-
100	1	100	1	1
100	1	100	2	1
100	1	100	3	1
100	1	100	4	1
100	1	100	5	1
160	1	160	6	2
160	32	160	7	2
160	4	160	8	2
160	43	160	9	2
160	19	160	10	2
-
140	1	140	1	1
140	2	140	2	1
140	2	140	3	1
50	5	50	4	2
50	3	50	5	2
50	3	50	6	2
60	3	60	7	3
60	3	60	8	3
60	3	60	9	3
-
100	1	100	1	1
100	1	100	2	1
100	1	100	3	1
100	1	100	4	1
100	1	100	5	1
160	3	160	6	2
160	1	160	7	2
160	1	160	8	2
160	2	160	9	2
160	3	160	10	2
180	1	180	11	3
180	1	180	12	3
180	1	180	13	3
180	2	180	14	3
180	2	180	15	3
-
150	3	150	1	1
150	64	150	2	1
150	2	150	3	1
180	1	180	4	2
180	1	180	5	2
180	1	180	6	2
-
120	4	120	1	1
120	24	120	2	1
160	75	160	3	2
160	4	160	4	2
140	11	140	5	3
140	7	140	6	3
-
120	17	120	1	1
120	2	120	2	1
120	10	120	3	1
120	13	120	4	1
120	5	120	5	2
120	10	120	6	2
120	25	120	7	2
120	1	120	8	2
-
80	2	80	1	1
80	2	80	2	1
80	1	80	3	1
80	1	80	4	1
120	5	120	5	2
120	2	120	6	2
120	5	120	7	2
120	1	120	8	2
140	1	140	9	3
140	2	140	10	3
140	3	140	11	3
140	3	140	12	3
-
200	2	200	1	1
200	103	200	2	1
200	15	200	3	1
200	3	200	4	1
200	15	200	5	1
100	2	100	6	2
100	2	100	7	2
100	2	100	8	2
100	1	100	9	2
100	1	100	10	2
-
150	7	150	1	1
150	11	150	2	1
150	19	150	3	1
120	12	120	4	2
120	2	120	5	2
120	49	120	6	2
-
80	4	80	1	1
80	5	80	2	1
80	9	80	3	1
80	8	80	4	1
80	9	80	5	1
60	1	60	6	2
60	1	60	7	2
60	1	60	8	2
60	1	60	9	2
60	1	60	10	2
-
50	16	50	1	1
50	5	50	2	1
140	2	140	3	2
140	40	140	4	2
120	1	120	5	3
120	1	120	6	3
-
50	4	50	1	1
50	2	50	2	1
50	3	50	3	1
50	9	50	4	1
50	2	50	5	1
60	1	60	6	2
60	1	60	7	2
60	1	60	8	2
60	2	60	9	2
60	1	60	10	2
-
200	87	200	1	1
200	67	200	2	1
80	6	80	3	2
80	5	80	4	2
-
140	1	140	1	1
140	1	140	2	1
60	4	60	3	2
60	5	60	4	2
80	4	80	5	3
80	7	80	6	3
-
120	14	120	1	1
120	11	120	2	1
120	4	120	3	1
120	2	120	4	1
50	4	50	5	2
50	3	50	6	2
50	2	50	7	2
50	5	50	8	2
-
180	1	180	1	1
180	1	180	2	1
180	1	180	3	1
150	2	150	4	2
150	90	150	5	2
150	12	150	6	2
-
80	8	80	1	1
80	4	80	2	1
80	3	80	3	1
80	4	80	4	1
100	14	100	5	2
100	10	100	6	2
100	21	100	7	2
100	18	100	8	2
-
80	1	80	1	1
80	1	80	2	1
80	1	80	3	1
180	2	180	4	2
180	2	180	5	2
180	11	180	6	2
100	1	100	7	3
100	1	100	8	3
100	1	100	9	3
-
120	19	120	1	1
120	7	120	2	1
120	37	120	3	1
160	12	160	4	2
160	2	160	5	2
160	14	160	6	2
-
180	11	180	1	1
180	6	180	2	1
180	5	180	3	1
180	53	180	4	1
180	92	180	5	1
150	1	150	6	2
150	5	150	7	2
150	2	150	8	2
150	15	150	9	2
150	4	150	10	2
-
60	1	60	1	1
60	1	60	2	1
60	1	60	3	1
200	6	200	4	2
200	4	200	5	2
200	9	200	6	2
180	1	180	7	3
180	2	180	8	3
180	3	180	9	3
-
140	3	140	1	1
140	6	140	2	1
140	1	140	3	1
140	6	140	4	1
100	8	100	5	2
100	30	100	6	2
100	3	100	7	2
100	7	100	8	2
-
60	13	60	1	1
60	4	60	2	1
180	3	180	3	2
180	26	180	4	2
-
150	2	150	1	1
150	4	150	2	1
150	10	150	3	1
100	1	100	4	2
100	1	100	5	2
100	2	100	6	2
200	18	200	7	3
200	23	200	8	3
200	4	200	9	3
-
150	13	150	1	1
150	18	150	2	1
150	1	150	3	1
150	54	150	4	1
80	1	80	5	2
80	2	80	6	2
80	5	80	7	2
80	3	80	8	2
-
50	2	50	1	1
50	1	50	2	1
180	9	180	3	2
180	27	180	4	2
160	7	160	5	3
160	11	160	6	3
-
200	4	200	1	1
200	38	200	2	1
200	12	200	3	1
200	2	200	4	1
200	25	200	5	1
80	11	80	6	2
80	3	80	7	2
80	12	80	8	2
80	11	80	9	2
80	8	80	10	2
-
50	2	50	1	1
50	1	50	2	1
50	1	50	3	1
50	1	50	4	1
50	1	50	5	1
60	4	60	6	2
60	2	60	7	2
60	5	60	8	2
60	1	60	9	2
60	4	60	10	2
80	8	80	11	3
80	18	80	12	3
80	3	80	13	3
80	4	80	14	3
80	6	80	15	3
-
60	4	60	1	1
60	1	60	2	1
60	1	60	3	1
60	1	60	4	1
60	14	60	5	2
60	17	60	6	2
60	9	60	7	2
60	2	60	8	2
-
100	2	100	1	1
100	4	100	2	1
100	12	100	3	1
180	1	180	4	2
180	1	180	5	2
180	1	180	6	2
150	7	150	7	3
150	12	150	8	3
150	36	150	9	3
-
50	1	50	1	1
50	1	50	2	1
50	1	50	3	1
50	1	50	4	1
50	1	50	5	1
140	95	140	6	2
140	13	140	7	2
140	3	140	8	2
140	5	140	9	2
140	22	140	10	2
-
150	33	150	1	1
150	5	150	2	1
140	2	140	3	2
140	3	140	4	2
60	2	60	5	3
60	2	60	6	3
-
160	3	160	1	1
160	5	160	2	1
160	3	160	3	1
120	14	120	4	2
120	7	120	5	2
120	49	120	6	2
-
80	2	80	1	1
80	5	80	2	1
80	2	80	3	1
80	8	80	4	1
80	3	80	5	1
150	25	150	6	2
150	19	150	7	2
150	5	150	8	2
150	37	150	9	2
150	11	150	10	2
-
140	4	140	1	1
140	2	140	2	1
140	2	140	3	1
140	5	140	4	1
120	2	120	5	2
120	1	120	6	2
120	1	120	7	2
120	1	120	8	2
-
80	8	80	1	1
80	5	80	2	1
80	2	80	3	1
80	1	80	4	1
150	31	150	5	2
150	75	150	6	2
150	20	150	7	2
150	15	150	8	2
-
180	6	180	1	1
180	2	180	2	1
180	9	180	3	1
180	7	180	4	1
180	2	180	5	1
180	1	180	6	2
180	7	180	7	2
180	8	180	8	2
180	3	180	9	2
180	5	180	10	2
100	10	100	11	3
100	9	100	12	3
100	12	100	13	3
100	6	100	14	3
100	1	100	15	3
-
120	1	120	1	1
120	1	120	2	1
140	2	140	3	2
140	3	140	4	2
160	74	160	5	3
160	24	160	6	3
-
60	1	60	1	1
60	1	60	2	1
60	1	60	3	1
60	1	60	4	1
60	1	60	5	1
80	3	80	6	2
80	14	80	7	2
80	3	80	8	2
80	4	80	9	2
80	3	80	10	2
-
160	1	160	1	1
160	7	160	2	1
160	2	160	3	1
160	13	160	4	1
80	46	80	5	2
80	10	80	6	2
80	14	80	7	2
80	6	80	8	2
-
80	5	80	1	1
80	5	80	2	1
80	17	80	3	1
180	2	180	4	2
180	3	180	5	2
180	1	180	6	2
180	2	180	7	3
180	8	180	8	3
180	5	180	9	3
-
150	10	150	1	1
150	10	150	2	1
150	3	150	3	1
150	21	150	4	1
150	27	150	5	1
50	1	50	6	2
50	1	50	7	2
50	1	50	8	2
50	1	50	9	2
50	1	50	10	2
200	1	200	11	3
200	1	200	12	3
200	1	200	13	3
200	1	200	14	3
200	1	200	15	3
-
140	18	140	1	1
140	34	140	2	1
140	4	140	3	1
140	63	140	4	1
140	3	140	5	1
200	3	200	6	2
200	2	200	7	2
200	1	200	8	2
200	3	200	9	2
200	1	200	10	2
-
60	1	60	1	1
60	1	60	2	1
60	1	60	3	1
50	1	50	4	2
50	2	50	5	2
50	2	50	6	2
60	1	60	7	3
60	1	60	8	3
60	2	60	9	3
-
60	5	60	1	1
60	6	60	2	1
150	2	150	3	2
150	4	150	4	2
-
140	1	140	1	1
140	37	140	2	1
60	3	60	3	2
60	23	60	4	2
-
50	1	50	1	1
50	2	50	2	1
50	1	50	3	1
50	1	50	4	1
140	2	140	5	2
140	1	140	6	2
140	5	140	7	2
140	3	140	8	2
120	11	120	9	3
120	58	120	10	3
120	21	120	11	3
120	20	120	12	3
-
150	5	150	1	1
150	1	150	2	1
150	3	150	3	1
150	1	150	4	1
140	8	140	5	2
140	44	140	6	2
140	11	140	7	2
140	17	140	8	2
120	11	120	9	3
120	8	120	10	3
120	1	120	11	3
120	6	120	12	3
-
60	4	60	1	1
60	2	60	2	1
60	6	60	3	1
60	2	60	4	1
60	8	60	5	1
80	8	80	6	2
80	2	80	7	2
80	8	80	8	2
80	4	80	9	2
80	7	80	10	2
100	5	100	11	3
100	8	100	12	3
100	5	100	13	3
100	4	100	14	3
100	3	100	15	3
-
200	17	200	1	1
200	4	200	2	1
200	6	200	3	1
100	1	100	4	2
100	2	100	5	2
100	3	100	6	2
-
120	14	120	1	1
120	2	120	2	1
120	1	120	3	1
120	5	120	4	1
100	9	100	5	2
100	3	100	6	2
100	32	100	7	2
100	8	100	8	2
180	10	180	9	3
180	2	180	10	3
180	8	180	11	3
180	6	180	12	3
-
140	10	140	1	1
140	10	140	2	1
120	13	120	3	2
120	18	120	4	2
-
100	8	100	1	1
100	10	100	2	1
100	2	100	3	1
100	19	100	4	1
200	34	200	5	2
200	2	200	6	2
200	11	200	7	2
200	14	200	8	2
180	1	180	9	3
180	7	180	10	3
180	5	180	11	3
180	5	180	12	3
-
80	2	80	1	1
80	6	80	2	1
80	1	80	3	1
80	3	80	4	1
80	1	80	5	2
80	1	80	6	2
80	1	80	7	2
80	1	80	8	2
160	17	160	9	3
160	4	160	10	3
160	30	160	11	3
160	5	160	12	3
-
60	6	60	1	1
60	2	60	2	1
60	21	60	3	1
60	5	60	4	1
150	6	150	5	2
150	4	150	6	2
150	8	150	7	2
150	15	150	8	2
-
150	1	150	1	1
150	1	150	2	1
150	1	150	3	1
150	1	150	4	1
160	5	160	5	2
160	10	160	6	2
160	23	160	7	2
160	2	160	8	2
160	5	160	9	3
160	1	160	10	3
160	3	160	11	3
160	4	160	12	3
-
160	17	160	1	1
160	16	160	2	1
160	23	160	3	1
160	15	160	4	1
180	1	180	5	2
180	1	180	6	2
180	1	180	7	2
180	1	180	8	2
-
60	2	60	1	1
60	20	60	2	1
60	3	60	3	1
80	1	80	4	2
80	1	80	5	2
80	1	80	6	2
-
200	2	200	1	1
200	2	200	2	1
200	3	200	3	1
150	1	150	4	2
150	1	150	5	2
150	1	150	6	2
100	18	100	7	3
100	3	100	8	3
100	1	100	9	3
-
140	2	140	1	1
140	54	140	2	1
160	7	160	3	2
160	2	160	4	2
-
200	36	200	1	1
200	134	200	2	1
50	4	50	3	2
50	2	50	4	2
-
50	1	50	1	1
50	1	50	2	1
50	6	50	3	1
50	3	50	4	1
50	1	50	5	1
200	11	200	6	2
200	6	200	7	2
200	2	200	8	2
200	9	200	9	2
200	3	200	10	2
-
120	19	120	1	1
120	11	120	2	1
120	2	120	3	1
120	37	120	4	1
120	36	120	5	1
150	5	150	6	2
150	10	150	7	2
150	2	150	8	2
150	2	150	9	2
150	2	150	10	2
-
100	16	100	1	1
100	2	100	2	1
100	1	100	3	1
100	3	100	4	1
100	9	100	5	1
180	73	180	6	2
180	6	180	7	2
180	13	180	8	2
180	9	180	9	2
180	23	180	10	2
-
50	1	50	1	1
50	1	50	2	1
50	1	50	3	1
50	1	50	4	1
60	6	60	5	2
60	4	60	6	2
60	2	60	7	2
60	1	60	8	2
-
50	4	50	1	1
50	6	50	2	1
60	1	60	3	2
60	1	60	4	2
100	3	100	5	3
100	16	100	6	3
-
100	17	100	1	1
100	20	100	2	1
100	22	100	3	1
120	18	120	4	2
120	6	120	5	2
120	39	120	6	2
-
160	4	160	1	1
160	34	160	2	1
140	29	140	3	2
140	54	140	4	2
-
80	2	80	1	1
80	6	80	2	1
80	3	80	3	1
80	4	80	4	1
80	3	80	5	1
160	12	160	6	2
160	10	160	7	2
160	4	160	8	2
160	3	160	9	2
160	8	160	10	2
-
180	1	180	1	1
180	1	180	2	1
180	2	180	3	1
180	20	180	4	2
180	13	180	5	2
180	3	180	6	2
-
160	34	160	1	1
160	22	160	2	1
160	33	160	3	1
160	14	160	4	1
50	1	50	5	2
50	1	50	6	2
50	1	50	7	2
50	1	50	8	2
80	2	80	9	3
80	2	80	10	3
80	1	80	11	3
80	2	80	12	3
-
200	14	200	1	1
200	7	200	2	1
200	3	200	3	1
200	58	200	4	1
100	9	100	5	2
100	7	100	6	2
100	5	100	7	2
100	2	100	8	2
160	2	160	9	3
160	27	160	10	3
160	3	160	11	3
160	1	160	12	3
-
60	1	60	1	1
60	1	60	2	1
60	1	60	3	1
60	1	60	4	1
60	2	60	5	1
50	2	50	6	2
50	2	50	7	2
50	2	50	8	2
50	2	50	9	2
50	1	50	10	2
-
50	23	50	1	1
50	9	50	2	1
150	16	150	3	2
150	20	150	4	2
-
160	1	160	1	1
160	1	160	2	1
50	1	50	3	2
50	2	50	4	2
120	4	120	5	3
120	1	120	6	3
-
200	13	200	1	1
200	4	200	2	1
200	4	200	3	1
200	1	200	4	1
200	4	200	5	1
80	1	80	6	2
80	8	80	7	2
80	2	80	8	2
80	2	80	9	2
80	2	80	10	2
120	1	120	11	3
120	7	120	12	3
120	11	120	13	3
120	6	120	14	3
120	5	120	15	3
-
50	1	50	1	1
50	1	50	2	1
50	1	50	3	1
50	1	50	4	1
50	1	50	5	1
100	6	100	6	2
100	7	100	7	2
100	5	100	8	2
100	4	100	9	2
100	2	100	10	2
160	22	160	11	3
160	21	160	12	3
160	9	160	13	3
160	37	160	14	3
160	37	160	15	3
-
200	4	200	1	1
200	21	200	2	1
200	1	200	3	1
60	19	60	4	2
60	38	60	5	2
60	2	60	6	2
-
160	13	160	1	1
160	6	160	2	1
160	6	160	3	1
160	14	160	4	1
200	13	200	5	2
200	3	200	6	2
200	12	200	7	2
200	5	200	8	2
-
160	8	160	1	1
160	37	160	2	1
160	10	160	3	1
100	2	100	4	2
100	2	100	5	2
100	2	100	6	2
-
140	59	140	1	1
140	5	140	2	1
140	14	140	3	1
140	16	140	4	1
150	10	150	5	2
150	5	150	6	2
150	6	150	7	2
150	1	150	8	2
-
160	52	160	1	1
160	1	160	2	1
160	10	160	3	2
160	32	160	4	2
-
140	10	140	1	1
140	39	140	2	1
100	46	100	3	2
100	10	100	4	2
-
50	2	50	1	1
50	2	50	2	1
60	3	60	3	2
60	1	60	4	2
140	11	140	5	3
140	1	140	6	3
-
120	1	120	1	1
120	21	120	2	1
120	16	120	3	2
120	6	120	4	2
-
50	5	50	1	1
50	16	50	2	1
180	84	180	3	2
180	47	180	4	2
-
140	11	140	1	1
140	27	140	2	1
140	13	140	3	1
80	1	80	4	2
80	12	80	5	2
80	11	80	6	2
180	4	180	7	3
180	7	180	8	3
180	43	180	9	3
-
140	1	140	1	1
140	15	140	2	1
140	3	140	3	1
160	1	160	4	2
160	2	160	5	2
160	1	160	6	2
-
200	15	200	1	1
200	49	200	2	1
200	2	200	3	1
200	13	200	4	1
100	36	100	5	2
100	2	100	6	2
100	11	100	7	2
100	3	100	8	2
-
180	1	180	1	1
180	1	180	2	1
180	1	180	3	1
180	1	180	4	1
80	1	80	5	2
80	12	80	6	2
80	3	80	7	2
80	23	80	8	2
80	15	80	9	3
80	1	80	10	3
80	4	80	11	3
80	3	80	12	3
-
60	3	60	1	1
60	1	60	2	1
140	2	140	3	2
140	22	140	4	2
140	44	140	5	3
140	13	140	6	3
-
50	1	50	1	1
50	1	50	2	1
50	1	50	3	1
50	1	50	4	1
140	10	140	5	2
140	17	140	6	2
140	3	140	7	2
140	5	140	8	2
-
80	4	80	1	1
80	4	80	2	1
80	15	80	3	1
160	2	160	4	2
160	9	160	5	2
160	3	160	6	2
-
140	75	140	1	1
140	50	140	2	1
180	7	180	3	2
180	46	180	4	2
-
160	13	160	1	1
160	7	160	2	1
140	6	140	3	2
140	1	140	4	2
120	7	120	5	3
120	2	120	6	3
-
200	36	200	1	1
200	3	200	2	1
200	49	200	3	1
200	26	200	4	1
150	11	150	5	2
150	2	150	6	2
150	4	150	7	2
150	7	150	8	2
-
200	8	200	1	1
200	19	200	2	1
60	8	60	3	2
60	28	60	4	2
-
160	105	160	1	1
160	27	160	2	1
120	6	120	3	2
120	2	120	4	2
-
140	1	140	1	1
140	1	140	2	1
140	1	140	3	1
140	1	140	4	1
140	4	140	5	1
200	14	200	6	2
200	8	200	7	2
200	2	200	8	2
200	4	200	9	2
200	5	200	10	2
120	3	120	11	3
120	4	120	12	3
120	2	120	13	3
120	1	120	14	3
120	2	120	15	3
-
50	3	50	1	1
50	2	50	2	1
50	2	50	3	1
140	13	140	4	2
140	10	140	5	2
140	4	140	6	2
-
150	7	150	1	1
150	14	150	2	1
150	22	150	3	1
150	7	150	4	1
150	5	150	5	1
180	14	180	6	2
180	1	180	7	2
180	49	180	8	2
180	48	180	9	2
180	14	180	10	2
-
50	4	50	1	1
50	6	50	2	1
50	14	50	3	1
50	14	50	4	1
50	2	50	5	1
150	4	150	6	2
150	1	150	7	2
150	2	150	8	2
150	2	150	9	2
150	4	150	10	2
-
100	40	100	1	1
100	40	100	2	1
120	8	120	3	2
120	3	120	4	2
-
80	19	80	1	1
80	19	80	2	1
140	4	140	3	2
140	20	140	4	2
160	25	160	5	3
160	63	160	6	3
-
60	1	60	1	1
60	1	60	2	1
60	1	60	3	1
60	1	60	4	1
50	3	50	5	2
50	5	50	6	2
50	1	50	7	2
50	1	50	8	2
140	1	140	9	3
140	1	140	10	3
140	1	140	11	3
140	1	140	12	3
-
180	1	180	1	1
180	1	180	2	1
180	2	180	3	1
180	2	180	4	1
180	2	180	5	1
200	1	200	6	2
200	7	200	7	2
200	2	200	8	2
200	3	200	9	2
200	2	200	10	2
100	33	100	11	3
100	3	100	12	3
100	7	100	13	3
100	5	100	14	3
100	2	100	15	3
-
200	9	200	1	1
200	3	200	2	1
200	28	200	3	1
200	20	200	4	1
200	13	200	5	1
120	7	120	6	2
120	5	120	7	2
120	22	120	8	2
120	7	120	9	2
120	26	120	10	2
-
80	3	80	1	1
80	17	80	2	1
80	14	80	3	1
80	14	80	4	1
80	3	80	5	1
140	16	140	6	2
140	4	140	7	2
140	5	140	8	2
140	6	140	9	2
140	3	140	10	2
-
60	2	60	1	1
60	1	60	2	1
60	2	60	3	1
60	2	60	4	1
60	1	60	5	1
50	1	50	6	2
50	1	50	7	2
50	2	50	8	2
50	1	50	9	2
50	2	50	10	2
200	1	200	11	3
200	3	200	12	3
200	4	200	13	3
200	3	200	14	3
200	5	200	15	3
-
150	39	150	1	1
150	3	150	2	1
150	35	150	3	1
120	1	120	4	2
120	1	120	5	2
120	1	120	6	2
160	1	160	7	3
160	2	160	8	3
160	24	160	9	3
-
80	1	80	1	1
80	1	80	2	1
80	1	80	3	1
180	1	180	4	2
180	2	180	5	2
180	1	180	6	2
100	7	100	7	3
100	4	100	8	3
100	2	100	9	3
-
120	12	120	1	1
120	6	120	2	1
120	9	120	3	1
120	11	120	4	1
120	10	120	5	1
100	6	100	6	2
100	8	100	7	2
100	9	100	8	2
100	25	100	9	2
100	2	100	10	2
100	1	100	11	3
100	2	100	12	3
100	2	100	13	3
100	1	100	14	3
100	1	100	15	3
-
120	1	120	1	1
120	1	120	2	1
120	1	120	3	1
160	5	160	4	2
160	3	160	5	2
160	8	160	6	2
180	1	180	7	3
180	1	180	8	3
180	1	180	9	3
-
120	1	120	1	1
120	1	120	2	1
120	1	120	3	1
120	1	120	4	1
160	13	160	5	2
160	7	160	6	2
160	13	160	7	2
160	41	160	8	2
50	8	50	9	3
50	3	50	10	3
50	5	50	11	3
50	1	50	12	3
-
150	2	150	1	1
150	6	150	2	1
150	4	150	3	1
160	27	160	4	2
160	9	160	5	2
160	10	160	6	2
80	1	80	7	3
80	9	80	8	3
80	22	80	9	3
-
100	30	100	1	1
100	18	100	2	1
100	20	100	3	1
80	1	80	4	2
80	1	80	5	2
80	1	80	6	2
-
120	9	120	1	1
120	2	120	2	1
120	1	120	3	1
150	18	150	4	2
150	8	150	5	2
150	27	150	6	2
-
160	9	160	1	1
160	3	160	2	1
160	15	160	3	1
120	2	120	4	2
120	2	120	5	2
120	1	120	6	2
-
120	12	120	1	1
120	3	120	2	1
200	2	200	3	2
200	8	200	4	2
200	8	200	5	3
200	2	200	6	3
-
120	58	120	1	1
120	3	120	2	1
120	15	120	3	1
120	38	120	4	1
150	2	150	5	2
150	2	150	6	2
150	3	150	7	2
150	5	150	8	2
120	1	120	9	3
120	1	120	10	3
120	1	120	11	3
120	1	120	12	3
-
50	2	50	1	1
50	27	50	2	1
50	8	50	3	1
50	5	50	4	1
100	9	100	5	2
100	2	100	6	2
100	2	100	7	2
100	4	100	8	2
-
200	1	200	1	1
200	1	200	2	1
200	1	200	3	1
200	1	200	4	1
50	1	50	5	2
50	1	50	6	2
50	1	50	7	2
50	1	50	8	2
140	18	140	9	3
140	14	140	10	3
140	15	140	11	3
140	3	140	12	3
-
160	13	160	1	1
160	11	160	2	1
160	2	160	3	1
80	2	80	4	2
80	10	80	5	2
80	4	80	6	2
-
180	40	180	1	1
180	6	180	2	1
180	11	180	3	1
180	26	180	4	1
180	2	180	5	1
100	5	100	6	2
100	2	100	7	2
100	1	100	8	2
100	2	100	9	2
100	7	100	10	2
200	13	200	11	3
200	2	200	12	3
200	48	200	13	3
200	25	200	14	3
200	4	200	15	3
-
100	6	100	1	1
100	1	100	2	1
100	16	100	3	1
100	6	100	4	1
100	3	100	5	1
180	14	180	6	2
180	3	180	7	2
180	29	180	8	2
180	6	180	9	2
180	28	180	10	2
120	5	120	11	3
120	8	120	12	3
120	2	120	13	3
120	12	120	14	3
120	18	120	15	3
-
100	1	100	1	1
100	8	100	2	1
100	18	100	3	1
180	2	180	4	2
180	11	180	5	2
180	5	180	6	2
150	14	150	7	3
150	9	150	8	3
150	2	150	9	3
-
100	12	100	1	1
100	4	100	2	1
100	1	100	3	1
100	5	100	4	1
200	16	200	5	2
200	2	200	6	2
200	1	200	7	2
200	25	200	8	2
-
180	5	180	1	1
180	1	180	2	1
180	15	180	3	1
50	12	50	4	2
50	17	50	5	2
50	5	50	6	2
80	3	80	7	3
80	5	80	8	3
80	2	80	9	3
-
50	1	50	1	1
50	1	50	2	1
50	1	50	3	1
50	1	50	4	1
50	1	50	5	1
100	21	100	6	2
100	3	100	7	2
100	2	100	8	2
100	2	100	9	2
100	10	100	10	2
50	5	50	11	3
50	1	50	12	3
50	3	50	13	3
50	2	50	14	3
50	9	50	15	3
-
180	15	180	1	1
180	22	180	2	1
180	9	180	3	1
180	3	180	4	1
180	5	180	5	1
200	6	200	6	2
200	3	200	7	2
200	13	200	8	2
200	11	200	9	2
200	8	200	10	2
50	8	50	11	3
50	6	50	12	3
50	4	50	13	3
50	1	50	14	3
50	7	50	15	3
-
160	6	160	1	1
160	14	160	2	1
160	7	160	3	1
160	2	160	4	1
60	2	60	5	2
60	1	60	6	2
60	1	60	7	2
60	2	60	8	2
-
160	16	160	1	1
160	3	160	2	1
160	22	160	3	1
160	9	160	4	1
150	3	150	5	2
150	64	150	6	2
150	16	150	7	2
150	9	150	8	2
-
200	10	200	1	1
200	3	200	2	1
160	40	160	3	2
160	96	160	4	2
60	1	60	5	3
60	1	60	6	3
-
160	27	160	1	1
160	27	160	2	1
180	43	180	3	2
180	2	180	4	2
150	3	150	5	3
150	58	150	6	3
-
200	2	200	1	1
200	20	200	2	1
200	32	200	3	1
200	44	200	4	1
150	30	150	5	2
150	12	150	6	2
150	6	150	7	2
150	8	150	8	2
-
50	2	50	1	1
50	2	50	2	1
50	3	50	3	1
50	3	50	4	1
50	1	50	5	1
60	1	60	6	2
60	2	60	7	2
60	3	60	8	2
60	3	60	9	2
60	18	60	10	2
-
60	4	60	1	1
60	6	60	2	1
60	6	60	3	1
60	9	60	4	1
100	5	100	5	2
100	4	100	6	2
100	2	100	7	2
100	1	100	8	2
80	1	80	9	3
80	1	80	10	3
80	1	80	11	3
80	1	80	12	3
-
180	13	180	1	1
180	25	180	2	1
180	2	180	3	1
180	10	180	4	2
180	10	180	5	2
180	142	180	6	2
-
180	5	180	1	1
180	3	180	2	1
180	11	180	3	1
80	14	80	4	2
80	23	80	5	2
80	4	80	6	2
80	4	80	7	3
80	11	80	8	3
80	5	80	9	3
-
100	8	100	1	1
100	28	100	2	1
100	6	100	3	1
60	3	60	4	2
60	2	60	5	2
60	1	60	6	2
200	9	200	7	3
200	65	200	8	3
200	35	200	9	3
-
60	3	60	1	1
60	13	60	2	1
60	6	60	3	1
60	10	60	4	1
140	1	140	5	2
140	2	140	6	2
140	1	140	7	2
140	1	140	8	2
180	32	180	9	3
180	5	180	10	3
180	9	180	11	3
180	11	180	12	3
-
100	2	100	1	1
100	2	100	2	1
100	2	100	3	1
100	1	100	4	1
100	2	100	5	1
160	2	160	6	2
160	2	160	7	2
160	2	160	8	2
160	2	160	9	2
160	8	160	10	2
100	33	100	11	3
100	5	100	12	3
100	4	100	13	3
100	7	100	14	3
100	15	100	15	3
-
50	1	50	1	1
50	1	50	2	1
50	1	50	3	1
140	7	140	4	2
140	6	140	5	2
140	2	140	6	2
80	1	80	7	3
80	1	80	8	3
80	1	80	9	3
-
50	4	50	1	1
50	1	50	2	1
200	12	200	3	2
200	20	200	4	2
150	5	150	5	3
150	25	150	6	3
-
150	48	150	1	1
150	2	150	2	1
100	3	100	3	2
100	6	100	4	2
-
180	6	180	1	1
180	7	180	2	1
180	16	180	3	1
180	7	180	4	1
180	9	180	5	1
160	23	160	6	2
160	11	160	7	2
160	46	160	8	2
160	26	160	9	2
160	19	160	10	2
-
120	6	120	1	1
120	17	120	2	1
120	21	120	3	1
120	27	120	4	1
120	2	120	5	2
120	2	120	6	2
120	1	120	7	2
120	3	120	8	2
80	6	80	9	3
80	4	80	10	3
80	10	80	11	3
80	5	80	12	3
-
60	1	60	1	1
60	1	60	2	1
150	5	150	3	2
150	26	150	4	2
60	1	60	5	3
60	1	60	6	3
-
50	3	50	1	1
50	2	50	2	1
50	3	50	3	1
50	13	50	4	1
80	1	80	5	2
80	1	80	6	2
80	1	80	7	2
80	1	80	8	2
-
200	19	200	1	1
200	10	200	2	1
200	12	200	3	1
200	4	200	4	1
150	18	150	5	2
150	44	150	6	2
150	40	150	7	2
150	32	150	8	2
-
180	1	180	1	1
180	1	180	2	1
180	1	180	3	1
180	1	180	4	1
180	1	180	5	1
140	10	140	6	2
140	8	140	7	2
140	20	140	8	2
140	3	140	9	2
140	36	140	10	2
-
150	5	150	1	1
150	7	150	2	1
150	7	150	3	1
150	4	150	4	1
150	2	150	5	1
150	3	150	6	2
150	14	150	7	2
150	7	150	8	2
150	8	150	9	2
150	9	150	10	2
120	3	120	11	3
120	2	120	12	3
120	4	120	13	3
120	3	120	14	3
120	3	120	15	3
-
50	1	50	1	1
50	1	50	2	1
50	2	50	3	1
50	1	50	4	1
50	2	50	5	1
140	9	140	6	2
140	7	140	7	2
140	3	140	8	2
140	24	140	9	2
140	23	140	10	2
-
100	28	100	1	1
100	18	100	2	1
140	45	140	3	2
140	12	140	4	2
100	21	100	5	3
100	4	100	6	3
-
60	1	60	1	1
60	1	60	2	1
60	1	60	3	1
60	1	60	4	1
60	1	60	5	1
80	1	80	6	2
80	1	80	7	2
80	1	80	8	2
80	1	80	9	2
80	1	80	10	2
180	6	180	11	3
180	6	180	12	3
180	8	180	13	3
180	7	180	14	3
180	4	180	15	3
-
200	24	200	1	1
200	7	200	2	1
200	34	200	3	1
200	11	200	4	1
200	24	200	5	1
80	1	80	6	2
80	2	80	7	2
80	2	80	8	2
80	8	80	9	2
80	5	80	10	2
100	7	100	11	3
100	5	100	12	3
100	5	100	13	3
100	11	100	14	3
100	11	100	15	3
-
160	14	160	1	1
160	10	160	2	1
140	1	140	3	2
140	1	140	4	2
-
60	1	60	1	1
60	1	60	2	1
60	3	60	3	1
60	1	60	4	1
160	3	160	5	2
160	2	160	6	2
160	4	160	7	2
160	2	160	8	2
-
50	8	50	1	1
50	4	50	2	1
50	4	50	3	1
100	7	100	4	2
100	21	100	5	2
100	15	100	6	2
-
180	15	180	1	1
180	6	180	2	1
180	17	180	3	1
180	5	180	4	1
180	2	180	5	1
150	3	150	6	2
150	2	150	7	2
150	2	150	8	2
150	3	150	9	2
150	4	150	10	2
120	4	120	11	3
120	1	120	12	3
120	1	120	13	3
120	2	120	14	3
120	4	120	15	3
-
80	7	80	1	1
80	3	80	2	1
80	2	80	3	1
50	1	50	4	2
50	3	50	5	2
50	20	50	6	2
-
100	4	100	1	1
100	5	100	2	1
100	2	100	3	1
100	1	100	4	1
100	3	100	5	1
120	10	120	6	2
120	19	120	7	2
120	17	120	8	2
120	18	120	9	2
120	13	120	10	2
100	1	100	11	3
100	6	100	12	3
100	2	100	13	3
100	3	100	14	3
100	1	100	15	3
-
60	3	60	1	1
60	2	60	2	1
60	3	60	3	1
60	4	60	4	1
60	2	60	5	1
60	20	60	6	2
60	1	60	7	2
60	9	60	8	2
60	6	60	9	2
60	18	60	10	2
-
160	2	160	1	1
160	8	160	2	1
160	8	160	3	1
160	5	160	4	1
160	17	160	5	1
200	11	200	6	2
200	2	200	7	2
200	19	200	8	2
200	27	200	9	2
200	40	200	10	2
200	3	200	11	3
200	6	200	12	3
200	2	200	13	3
200	9	200	14	3
200	2	200	15	3
-
80	15	80	1	1
80	7	80	2	1
80	10	80	3	1
150	3	150	4	2
150	17	150	5	2
150	25	150	6	2
-
60	2	60	1	1
60	3	60	2	1
60	1	60	3	1
60	1	60	4	1
150	22	150	5	2
150	63	150	6	2
150	7	150	7	2
150	20	150	8	2
-
50	2	50	1	1
50	1	50	2	1
60	1	60	3	2
60	1	60	4	2
180	1	180	5	3
180	1	180	6	3
-
100	1	100	1	1
100	1	100	2	1
100	1	100	3	1
100	1	100	4	1
100	1	100	5	1
80	3	80	6	2
80	2	80	7	2
80	1	80	8	2
80	1	80	9	2
80	2	80	10	2
-
100	9	100	1	1
100	15	100	2	1
120	57	120	3	2
120	27	120	4	2
-
160	55	160	1	1
160	19	160	2	1
160	14	160	3	1
160	37	160	4	1
160	15	160	5	1
150	10	150	6	2
150	2	150	7	2
150	9	150	8	2
150	9	150	9	2
150	12	150	10	2
-
80	7	80	1	1
80	22	80	2	1
80	44	80	3	1
140	6	140	4	2
140	2	140	5	2
140	5	140	6	2
-
160	13	160	1	1
160	9	160	2	1
60	34	60	3	2
60	11	60	4	2
-
80	32	80	1	1
80	20	80	2	1
120	7	120	3	2
120	2	120	4	2
-
60	1	60	1	1
60	1	60	2	1
60	1	60	3	1
60	1	60	4	1
120	7	120	5	2
120	5	120	6	2
120	4	120	7	2
120	6	120	8	2
-
200	10	200	1	1
200	9	200	2	1
100	3	100	3	2
100	2	100	4	2
-
160	9	160	1	1
160	31	160	2	1
160	14	160	3	1
160	19	160	4	1
50	1	50	5	2
50	1	50	6	2
50	1	50	7	2
50	1	50	8	2
100	1	100	9	3
100	8	100	10	3
100	2	100	11	3
100	3	100	12	3
-
100	1	100	1	1
100	1	100	2	1
100	1	100	3	1
100	1	100	4	1
50	1	50	5	2
50	1	50	6	2
50	1	50	7	2
50	1	50	8	2
100	2	100	9	3
100	5	100	10	3
100	8	100	11	3
100	3	100	12	3
-
80	3	80	1	1
80	3	80	2	1
80	20	80	3	1
80	18	80	4	1
80	18	80	5	1
180	1	180	6	2
180	1	180	7	2
180	1	180	8	2
180	1	180	9	2
180	1	180	10	2
180	13	180	11	3
180	2	180	12	3
180	17	180	13	3
180	6	180	14	3
180	32	180	15	3
-
200	3	200	1	1
200	6	200	2	1
200	9	200	3	1
200	1	200	4	1
140	3	140	5	2
140	11	140	6	2
140	6	140	7	2
140	6	140	8	2
180	6	180	9	3
180	2	180	10	3
180	38	180	11	3
180	2	180	12	3
-
120	26	120	1	1
120	10	120	2	1
120	25	120	3	1
120	7	120	4	2
120	5	120	5	2
120	3	120	6	2
-
100	6	100	1	1
100	6	100	2	1
100	34	100	3	1
140	18	140	4	2
140	36	140	5	2
140	8	140	6	2
-
140	53	140	1	1
140	2	140	2	1
140	56	140	3	2
140	40	140	4	2
-
50	5	50	1	1
50	10	50	2	1
50	6	50	3	1
50	7	50	4	1
80	1	80	5	2
80	3	80	6	2
80	4	80	7	2
80	8	80	8	2
-
120	1	120	1	1
120	1	120	2	1
120	1	120	3	1
120	1	120	4	1
120	1	120	5	1
60	2	60	6	2
60	2	60	7	2
60	2	60	8	2
60	1	60	9	2
60	3	60	10	2
-
160	9	160	1	1
160	13	160	2	1
50	2	50	3	2
50	2	50	4	2
160	29	160	5	3
160	4	160	6	3
-
100	1	100	1	1
100	1	100	2	1
100	1	100	3	1
100	1	100	4	1
100	1	100	5	1
80	16	80	6	2
80	4	80	7	2
80	8	80	8	2
80	6	80	9	2
80	21	80	10	2
-
60	3	60	1	1
60	19	60	2	1
80	5	80	3	2
80	5	80	4	2
-
200	22	200	1	1
200	7	200	2	1
200	29	200	3	1
160	4	160	4	2
160	9	160	5	2
160	6	160	6	2
120	30	120	7	3
120	4	120	8	3
120	7	120	9	3
-
150	32	150	1	1
150	24	150	2	1
200	1	200	3	2
200	2	200	4	2
-
140	9	140	1	1
140	7	140	2	1
160	31	160	3	2
160	11	160	4	2
180	4	180	5	3
180	4	180	6	3
-
120	2	120	1	1
120	15	120	2	1
120	3	120	3	1
120	2	120	4	1
120	16	120	5	1
50	6	50	6	2
50	7	50	7	2
50	4	50	8	2
50	6	50	9	2
50	9	50	10	2
60	1	60	11	3
60	1	60	12	3
60	1	60	13	3
60	1	60	14	3
60	1	60	15	3
-
200	1	200	1	1
200	1	200	2	1
200	1	200	3	1
200	1	200	4	1
200	1	200	5	1
140	2	140	6	2
140	7	140	7	2
140	5	140	8	2
140	4	140	9	2
140	5	140	10	2
-
200	38	200	1	1
200	53	200	2	1
180	17	180	3	2
180	7	180	4	2
80	1	80	5	3
80	14	80	6	3
-
50	4	50	1	1
50	4	50	2	1
50	2	50	3	1
50	2	50	4	1
50	3	50	5	1
50	1	50	6	2
50	3	50	7	2
50	2	50	8	2
50	2	50	9	2
50	2	50	10	2
180	5	180	11	3
180	10	180	12	3
180	3	180	13	3
180	41	180	14	3
180	7	180	15	3
-
140	7	140	1	1
140	2	140	2	1
140	17	140	3	1
140	23	140	4	1
140	11	140	5	1
150	2	150	6	2
150	4	150	7	2
150	11	150	8	2
150	7	150	9	2
150	4	150	10	2
-
140	2	140	1	1
140	1	140	2	1
140	2	140	3	1
140	2	140	4	1
140	1	140	5	1
160	8	160	6	2
160	15	160	7	2
160	7	160	8	2
160	13	160	9	2
160	12	160	10	2
-
100	2	100	1	1
100	1	100	2	1
100	12	100	3	1
140	1	140	4	2
140	48	140	5	2
140	5	140	6	2
120	21	120	7	3
120	1	120	8	3
120	12	120	9	3
-
150	30	150	1	1
150	27	150	2	1
150	41	150	3	1
60	7	60	4	2
60	5	60	5	2
60	5	60	6	2
-
50	2	50	1	1
50	5	50	2	1
150	27	150	3	2
150	7	150	4	2
120	34	120	5	3
120	26	120	6	3
-
150	1	150	1	1
150	1	150	2	1
150	1	150	3	1
150	1	150	4	1
150	1	150	5	1
80	3	80	6	2
80	3	80	7	2
80	3	80	8	2
80	15	80	9	2
80	5	80	10	2
200	2	200	11	3
200	3	200	12	3
200	1	200	13	3
200	5	200	14	3
200	6	200	15	3
-
120	4	120	1	1
120	1	120	2	1
120	13	120	3	1
120	20	120	4	1
60	1	60	5	2
60	2	60	6	2
60	1	60	7	2
60	2	60	8	2
-
160	53	160	1	1
160	35	160	2	1
140	33	140	3	2
140	34	140	4	2
-
160	12	160	1	1
160	2	160	2	1
160	23	160	3	1
200	23	200	4	2
200	46	200	5	2
200	64	200	6	2
-
200	62	200	1	1
200	56	200	2	1
80	34	80	3	2
80	7	80	4	2
-
100	25	100	1	1
100	37	100	2	1
100	24	100	3	1
120	12	120	4	2
120	2	120	5	2
120	9	120	6	2
-
140	1	140	1	1
140	1	140	2	1
140	1	140	3	1
140	1	140	4	1
140	1	140	5	1
150	14	150	6	2
150	3	150	7	2
150	8	150	8	2
150	6	150	9	2
150	3	150	10	2
140	4	140	11	3
140	1	140	12	3
140	8	140	13	3
140	6	140	14	3
140	6	140	15	3
-
140	1	140	1	1
140	46	140	2	1
180	75	180	3	2
180	2	180	4	2
-
200	2	200	1	1
200	7	200	2	1
200	4	200	3	1
120	2	120	4	2
120	6	120	5	2
120	7	120	6	2
160	12	160	7	3
160	16	160	8	3
160	21	160	9	3
-
150	5	150	1	1
150	2	150	2	1
150	3	150	3	1
150	10	150	4	1
200	35	200	5	2
200	13	200	6	2
200	23	200	7	2
200	18	200	8	2
50	1	50	9	3
50	1	50	10	3
50	1	50	11	3
50	1	50	12	3
-
140	2	140	1	1
140	1	140	2	1
140	4	140	3	1
200	1	200	4	2
200	1	200	5	2
200	1	200	6	2
160	2	160	7	3
160	2	160	8	3
160	3	160	9	3
-
180	43	180	1	1
180	41	180	2	1
180	39	180	3	1
140	5	140	4	2
140	2	140	5	2
140	7	140	6	2
160	11	160	7	3
160	6	160	8	3
160	13	160	9	3
-
120	1	120	1	1
120	2	120	2	1
120	5	120	3	1
160	26	160	4	2
160	27	160	5	2
160	42	160	6	2
-
200	1	200	1	1
200	2	200	2	1
200	1	200	3	1
200	1	200	4	1
50	2	50	5	2
50	2	50	6	2
50	2	50	7	2
50	2	50	8	2
-
120	12	120	1	1
120	29	120	2	1
150	22	150	3	2
150	2	150	4	2
-
100	3	100	1	1
100	4	100	2	1
100	12	100	3	1
200	6	200	4	2
200	81	200	5	2
200	15	200	6	2
-
160	11	160	1	1
160	12	160	2	1
140	114	140	3	2
140	16	140	4	2
-
80	19	80	1	1
80	1	80	2	1
100	15	100	3	2
100	6	100	4	2
-
200	1	200	1	1
200	4	200	2	1
50	9	50	3	2
50	2	50	4	2
150	10	150	5	3
150	8	150	6	3
-
160	2	160	1	1
160	6	160	2	1
160	29	160	3	1
160	67	160	4	1
50	2	50	5	2
50	2	50	6	2
50	2	50	7	2
50	8	50	8	2
140	10	140	9	3
140	19	140	10	3
140	4	140	11	3
140	2	140	12	3
-
140	11	140	1	1
140	32	140	2	1
140	32	140	3	1
50	5	50	4	2
50	7	50	5	2
50	8	50	6	2
-
120	6	120	1	1
120	12	120	2	1
120	2	120	3	1
180	2	180	4	2
180	7	180	5	2
180	3	180	6	2
50	1	50	7	3
50	1	50	8	3
50	1	50	9	3
-
60	1	60	1	1
60	1	60	2	1
60	1	60	3	1
60	1	60	4	1
60	1	60	5	1
60	1	60	6	2
60	1	60	7	2
60	1	60	8	2
60	1	60	9	2
60	1	60	10	2
120	2	120	11	3
120	1	120	12	3
120	2	120	13	3
120	1	120	14	3
120	8	120	15	3
-
80	7	80	1	1
80	5	80	2	1
80	12	80	3	2
80	13	80	4	2
-
80	1	80	1	1
80	1	80	2	1
80	1	80	3	1
80	1	80	4	1
80	1	80	5	1
140	1	140	6	2
140	7	140	7	2
140	5	140	8	2
140	3	140	9	2
140	2	140	10	2
60	1	60	11	3
60	1	60	12	3
60	1	60	13	3
60	1	60	14	3
60	1	60	15	3
-
80	24	80	1	1
80	27	80	2	1
180	72	180	3	2
180	6	180	4	2
-
50	16	50	1	1
50	6	50	2	1
80	6	80	3	2
80	6	80	4	2
140	28	140	5	3
140	46	140	6	3
-
100	39	100	1	1
100	9	100	2	1
140	2	140	3	2
140	43	140	4	2
-
160	4	160	1	1
160	10	160	2	1
160	10	160	3	1
100	1	100	4	2
100	1	100	5	2
100	1	100	6	2
50	2	50	7	3
50	8	50	8	3
50	3	50	9	3
-
60	7	60	1	1
60	1	60	2	1
60	4	60	3	1
60	8	60	4	1
100	2	100	5	2
100	6	100	6	2
100	20	100	7	2
100	2	100	8	2
150	11	150	9	3
150	14	150	10	3
150	4	150	11	3
150	2	150	12	3
-
140	8	140	1	1
140	29	140	2	1
140	15	140	3	1
140	14	140	4	1
60	1	60	5	2
60	10	60	6	2
60	3	60	7	2
60	4	60	8	2
-
60	21	60	1	1
60	35	60	2	1
60	2	60	3	2
60	1	60	4	2
80	2	80	5	3
80	1	80	6	3
-
80	1	80	1	1
80	4	80	2	1
80	3	80	3	1
140	6	140	4	2
140	11	140	5	2
140	119	140	6	2
-
150	9	150	1	1
150	4	150	2	1
150	16	150	3	1
150	6	150	4	1
150	1	150	5	1
180	3	180	6	2
180	5	180	7	2
180	13	180	8	2
180	65	180	9	2
180	69	180	10	2
-
80	11	80	1	1
80	1	80	2	1
80	2	80	3	1
80	6	80	4	1
80	4	80	5	1
60	1	60	6	2
60	4	60	7	2
60	2	60	8	2
60	2	60	9	2
60	4	60	10	2
-
120	5	120	1	1
120	9	120	2	1
120	13	120	3	1
50	22	50	4	2
50	1	50	5	2
50	5	50	6	2
60	2	60	7	3
60	2	60	8	3
60	1	60	9	3
-
150	14	150	1	1
150	3	150	2	1
150	1	150	3	1
150	2	150	4	1
150	12	150	5	1
160	5	160	6	2
160	8	160	7	2
160	5	160	8	2
160	3	160	9	2
160	46	160	10	2
150	2	150	11	3
150	1	150	12	3
150	1	150	13	3
150	1	150	14	3
150	2	150	15	3
-
50	1	50	1	1
50	1	50	2	1
50	1	50	3	1
50	1	50	4	1
150	4	150	5	2
150	22	150	6	2
150	2	150	7	2
150	20	150	8	2
-
140	7	140	1	1
140	6	140	2	1
160	7	160	3	2
160	137	160	4	2
180	1	180	5	3
180	27	180	6	3
-
50	2	50	1	1
50	19	50	2	1
50	2	50	3	1
50	9	50	4	1
180	19	180	5	2
180	17	180	6	2
180	1	180	7	2
180	3	180	8	2
50	1	50	9	3
50	2	50	10	3
50	1	50	11	3
50	1	50	12	3
-
150	6	150	1	1
150	3	150	2	1
80	14	80	3	2
80	10	80	4	2
120	39	120	5	3
120	9	120	6	3
-
140	2	140	1	1
140	1	140	2	1
50	3	50	3	2
50	4	50	4	2
-
160	3	160	1	1
160	1	160	2	1
160	11	160	3	1
160	3	160	4	1
160	10	160	5	2
160	3	160	6	2
160	5	160	7	2
160	11	160	8	2
150	35	150	9	3
150	15	150	10	3
150	7	150	11	3
150	2	150	12	3
-
120	54	120	1	1
120	34	120	2	1
120	6	120	3	2
120	18	120	4	2
-
200	15	200	1	1
200	8	200	2	1
200	5	200	3	2
200	2	200	4	2
-
50	1	50	1	1
50	1	50	2	1
50	1	50	3	1
50	1	50	4	1
100	5	100	5	2
100	5	100	6	2
100	1	100	7	2
100	8	100	8	2
80	1	80	9	3
80	1	80	10	3
80	1	80	11	3
80	1	80	12	3
-
60	1	60	1	1
60	10	60	2	1
60	3	60	3	1
60	8	60	4	1
200	42	200	5	2
200	57	200	6	2
200	5	200	7	2
200	60	200	8	2
-
200	2	200	1	1
200	1	200	2	1
200	1	200	3	1
200	2	200	4	1
100	1	100	5	2
100	1	100	6	2
100	2	100	7	2
100	2	100	8	2
120	1	120	9	3
120	1	120	10	3
120	1	120	11	3
120	1	120	12	3
-
100	10	100	1	1
100	3	100	2	1
60	1	60	3	2
60	4	60	4	2
100	39	100	5	3
100	2	100	6	3
-
160	8	160	1	1
160	15	160	2	1
160	8	160	3	1
160	9	160	4	1
200	2	200	5	2
200	4	200	6	2
200	3	200	7	2
200	12	200	8	2
140	24	140	9	3
140	3	140	10	3
140	3	140	11	3
140	7	140	12	3
-
60	6	60	1	1
60	4	60	2	1
60	11	60	3	1
50	2	50	4	2
50	3	50	5	2
50	5	50	6	2
-
100	14	100	1	1
100	38	100	2	1
160	34	160	3	2
160	8	160	4	2
160	39	160	5	3
160	16	160	6	3
-
60	2	60	1	1
60	1	60	2	1
60	1	60	3	1
60	7	60	4	1
100	3	100	5	2
100	1	100	6	2
100	2	100	7	2
100	2	100	8	2
80	7	80	9	3
80	2	80	10	3
80	4	80	11	3
80	1	80	12	3
-
120	3	120	1	1
120	2	120	2	1
100	2	100	3	2
100	4	100	4	2
180	24	180	5	3
180	1	180	6	3
-
160	4	160	1	1
160	9	160	2	1
160	2	160	3	1
160	4	160	4	1
160	27	160	5	1
140	1	140	6	2
140	2	140	7	2
140	1	140	8	2
140	2	140	9	2
140	3	140	10	2
160	2	160	11	3
160	20	160	12	3
160	6	160	13	3
160	15	160	14	3
160	25	160	15	3
-
80	66	80	1	1
80	10	80	2	1
50	1	50	3	2
50	1	50	4	2
140	12	140	5	3
140	16	140	6	3
-
60	16	60	1	1
60	7	60	2	1
60	2	60	3	1
150	17	150	4	2
150	1	150	5	2
150	4	150	6	2
-
160	4	160	1	1
160	2	160	2	1
160	17	160	3	1
160	17	160	4	1
160	13	160	5	1
120	1	120	6	2
120	1	120	7	2
120	1	120	8	2
120	1	120	9	2
120	1	120	10	2
100	1	100	11	3
100	14	100	12	3
100	4	100	13	3
100	33	100	14	3
100	4	100	15	3
-
60	7	60	1	1
60	11	60	2	1
120	34	120	3	2
120	25	120	4	2
-
80	15	80	1	1
80	2	80	2	1
140	4	140	3	2
140	8	140	4	2
200	121	200	5	3
200	40	200	6	3
-
200	23	200	1	1
200	8	200	2	1
60	1	60	3	2
60	8	60	4	2
-
200	2	200	1	1
200	1	200	2	1
200	1	200	3	1
200	2	200	4	1
160	3	160	5	2
160	6	160	6	2
160	2	160	7	2
160	1	160	8	2
150	3	150	9	3
150	2	150	10	3
150	2	150	11	3
150	5	150	12	3
-
200	2	200	1	1
200	1	200	2	1
200	1	200	3	1
200	1	200	4	1
200	1	200	5	1
200	1	200	6	2
200	1	200	7	2
200	1	200	8	2
200	1	200	9	2
200	1	200	10	2
60	2	60	11	3
60	4	60	12	3
60	8	60	13	3
60	1	60	14	3
60	1	60	15	3
-
80	1	80	1	1
80	1	80	2	1
150	12	150	3	2
150	6	150	4	2
160	1	160	5	3
160	1	160	6	3
-
80	2	80	1	1
80	6	80	2	1
80	2	80	3	1
60	25	60	4	2
60	12	60	5	2
60	3	60	6	2
80	1	80	7	3
80	15	80	8	3
80	8	80	9	3
-
120	1	120	1	1
120	2	120	2	1
150	1	150	3	2
150	1	150	4	2
100	6	100	5	3
100	7	100	6	3
-
180	2	180	1	1
180	8	180	2	1
180	1	180	3	1
180	2	180	4	1
180	5	180	5	1
150	15	150	6	2
150	13	150	7	2
150	9	150	8	2
150	2	150	9	2
150	11	150	10	2
120	12	120	11	3
120	5	120	12	3
120	13	120	13	3
120	3	120	14	3
120	10	120	15	3
-
80	1	80	1	1
80	7	80	2	1
180	101	180	3	2
180	9	180	4	2
120	45	120	5	3
120	11	120	6	3
-
100	2	100	1	1
100	1	100	2	1
100	1	100	3	1
180	1	180	4	2
180	22	180	5	2
180	54	180	6	2
150	9	150	7	3
150	2	150	8	3
150	5	150	9	3
-
160	5	160	1	1
160	3	160	2	1
160	2	160	3	1
160	11	160	4	1
160	7	160	5	1
100	2	100	6	2
100	2	100	7	2
100	3	100	8	2
100	2	100	9	2
100	1	100	10	2
160	1	160	11	3
160	1	160	12	3
160	1	160	13	3
160	1	160	14	3
160	1	160	15	3
-
180	2	180	1	1
180	22	180	2	1
200	23	200	3	2
200	10	200	4	2
-
200	5	200	1	1
200	7	200	2	1
200	1	200	3	1
200	2	200	4	1
150	59	150	5	2
150	22	150	6	2
150	17	150	7	2
150	41	150	8	2
50	1	50	9	3
50	1	50	10	3
50	1	50	11	3
50	1	50	12	3
-
120	1	120	1	1
120	5	120	2	1
120	3	120	3	1
120	3	120	4	1
120	1	120	5	1
160	1	160	6	2
160	1	160	7	2
160	1	160	8	2
160	1	160	9	2
160	1	160	10	2
200	19	200	11	3
200	3	200	12	3
200	9	200	13	3
200	2	200	14	3
200	5	200	15	3
-
120	1	120	1	1
120	2	120	2	1
120	1	120	3	1
120	2	120	4	1
120	1	120	5	1
180	21	180	6	2
180	3	180	7	2
180	6	180	8	2
180	4	180	9	2
180	2	180	10	2
60	1	60	11	3
60	1	60	12	3
60	1	60	13	3
60	1	60	14	3
60	1	60	15	3
-
80	1	80	1	1
80	1	80	2	1
80	2	80	3	1
80	1	80	4	1
80	1	80	5	1
160	49	160	6	2
160	18	160	7	2
160	9	160	8	2
160	9	160	9	2
160	74	160	10	2
-
180	61	180	1	1
180	39	180	2	1
120	22	120	3	2
120	18	120	4	2
-
180	8	180	1	1
180	1	180	2	1
180	11	180	3	1
180	43	180	4	1
60	1	60	5	2
60	5	60	6	2
60	6	60	7	2
60	3	60	8	2
180	3	180	9	3
180	4	180	10	3
180	4	180	11	3
180	7	180	12	3
-
180	41	180	1	1
180	30	180	2	1
180	79	180	3	1
160	1	160	4	2
160	6	160	5	2
160	3	160	6	2
180	2	180	7	3
180	2	180	8	3
180	5	180	9	3
-
80	2	80	1	1
80	2	80	2	1
80	1	80	3	1
80	1	80	4	1
80	1	80	5	1
60	3	60	6	2
60	1	60	7	2
60	2	60	8	2
60	3	60	9	2
60	2	60	10	2
80	6	80	11	3
80	1	80	12	3
80	2	80	13	3
80	1	80	14	3
80	2	80	15	3
-
60	3	60	1	1
60	1	60	2	1
60	4	60	3	1
60	7	60	4	1
60	1	60	5	1
140	1	140	6	2
140	8	140	7	2
140	8	140	8	2
140	1	140	9	2
140	27	140	10	2
-
60	17	60	1	1
60	4	60	2	1
180	104	180	3	2
180	11	180	4	2
-
50	2	50	1	1
50	1	50	2	1
50	2	50	3	1
50	1	50	4	1
160	16	160	5	2
160	4	160	6	2
160	2	160	7	2
160	3	160	8	2
-
60	5	60	1	1
60	1	60	2	1
180	27	180	3	2
180	37	180	4	2
-
60	1	60	1	1
60	1	60	2	1
60	1	60	3	1
60	2	60	4	1
60	1	60	5	1
160	58	160	6	2
160	14	160	7	2
160	9	160	8	2
160	4	160	9	2
160	49	160	10	2
-
180	11	180	1	1
180	91	180	2	1
180	63	180	3	1
100	3	100	4	2
100	2	100	5	2
100	5	100	6	2
-
60	6	60	1	1
60	2	60	2	1
60	3	60	3	1
60	1	60	4	2
60	17	60	5	2
60	5	60	6	2
-
120	29	120	1	1
120	3	120	2	1
120	4	120	3	1
120	3	120	4	1
140	23	140	5	2
140	5	140	6	2
140	21	140	7	2
140	18	140	8	2
-
200	11	200	1	1
200	4	200	2	1
200	3	200	3	1
200	5	200	4	1
200	3	200	5	1
140	4	140	6	2
140	11	140	7	2
140	3	140	8	2
140	7	140	9	2
140	7	140	10	2
200	5	200	11	3
200	1	200	12	3
200	2	200	13	3
200	3	200	14	3
200	4	200	15	3
-
150	14	150	1	1
150	17	150	2	1
50	2	50	3	2
50	1	50	4	2
120	1	120	5	3
120	1	120	6	3
-
80	2	80	1	1
80	2	80	2	1
80	2	80	3	1
120	2	120	4	2
120	1	120	5	2
120	6	120	6	2
100	1	100	7	3
100	1	100	8	3
100	1	100	9	3
-
180	1	180	1	1
180	1	180	2	1
180	1	180	3	1
160	10	160	4	2
160	18	160	5	2
160	8	160	6	2
60	1	60	7	3
60	1	60	8	3
60	2	60	9	3
-
50	2	50	1	1
50	2	50	2	1
50	1	50	3	1
150	9	150	4	2
150	6	150	5	2
150	7	150	6	2
-
200	3	200	1	1
200	15	200	2	1
200	9	200	3	1
200	14	200	4	1
160	1	160	5	2
160	2	160	6	2
160	5	160	7	2
160	1	160	8	2
120	1	120	9	3
120	2	120	10	3
120	3	120	11	3
120	2	120	12	3
-
180	55	180	1	1
180	18	180	2	1
180	18	180	3	1
180	45	180	4	2
180	35	180	5	2
180	29	180	6	2
-
50	1	50	1	1
50	1	50	2	1
50	1	50	3	1
50	1	50	4	1
50	1	50	5	1
140	1	140	6	2
140	1	140	7	2
140	1	140	8	2
140	1	140	9	2
140	1	140	10	2
140	4	140	11	3
140	2	140	12	3
140	1	140	13	3
140	2	140	14	3
140	1	140	15	3
-
100	1	100	1	1
100	1	100	2	1
100	2	100	3	1
100	1	100	4	1
100	1	100	5	1
100	1	100	6	2
100	2	100	7	2
100	2	100	8	2
100	2	100	9	2
100	3	100	10	2
120	1	120	11	3
120	1	120	12	3
120	1	120	13	3
120	1	120	14	3
120	1	120	15	3
-
180	13	180	1	1
180	4	180	2	1
180	4	180	3	1
180	9	180	4	1
120	24	120	5	2
120	20	120	6	2
120	8	120	7	2
120	27	120	8	2
-
100	2	100	1	1
100	2	100	2	1
100	4	100	3	1
100	7	100	4	1
100	5	100	5	1
120	21	120	6	2
120	11	120	7	2
120	21	120	8	2
120	3	120	9	2
120	9	120	10	2
60	1	60	11	3
60	4	60	12	3
60	2	60	13	3
60	4	60	14	3
60	8	60	15	3
-
180	14	180	1	1
180	3	180	2	1
180	18	180	3	1
180	8	180	4	1
80	1	80	5	2
80	1	80	6	2
80	1	80	7	2
80	1	80	8	2
150	3	150	9	3
150	5	150	10	3
150	2	150	11	3
150	32	150	12	3
-
100	1	100	1	1
100	1	100	2	1
100	1	100	3	1
100	1	100	4	1
100	1	100	5	1
150	2	150	6	2
150	1	150	7	2
150	1	150	8	2
150	3	150	9	2
150	2	150	10	2
80	3	80	11	3
80	2	80	12	3
80	1	80	13	3
80	2	80	14	3
80	3	80	15	3
-
100	4	100	1	1
100	6	100	2	1
120	31	120	3	2
120	59	120	4	2
120	4	120	5	3
120	11	120	6	3
-
180	16	180	1	1
180	52	180	2	1
180	43	180	3	1
180	15	180	4	2
180	14	180	5	2
180	17	180	6	2
-
100	1	100	1	1
100	16	100	2	1
100	37	100	3	1
100	3	100	4	1
100	2	100	5	1
120	1	120	6	2
120	2	120	7	2
120	2	120	8	2
120	1	120	9	2
120	1	120	10	2
60	1	60	11	3
60	2	60	12	3
60	5	60	13	3
60	1	60	14	3
60	2	60	15	3
-
200	4	200	1	1
200	42	200	2	1
200	38	200	3	1
80	1	80	4	2
80	1	80	5	2
80	4	80	6	2
80	1	80	7	3
80	1	80	8	3
80	2	80	9	3
-
160	3	160	1	1
160	3	160	2	1
160	1	160	3	1
160	10	160	4	1
160	3	160	5	1
60	2	60	6	2
60	5	60	7	2
60	2	60	8	2
60	3	60	9	2
60	7	60	10	2
100	9	100	11	3
100	10	100	12	3
100	2	100	13	3
100	2	100	14	3
100	3	100	15	3
-
200	43	200	1	1
200	12	200	2	1
160	23	160	3	2
160	62	160	4	2
-
80	6	80	1	1
80	4	80	2	1
80	59	80	3	2
80	5	80	4	2
-
120	1	120	1	1
120	7	120	2	1
120	2	120	3	1
120	15	120	4	1
120	10	120	5	1
60	2	60	6	2
60	5	60	7	2
60	8	60	8	2
60	1	60	9	2
60	2	60	10	2
60	1	60	11	3
60	1	60	12	3
60	1	60	13	3
60	1	60	14	3
60	1	60	15	3
-
60	1	60	1	1
60	8	60	2	1
60	10	60	3	1
180	57	180	4	2
180	2	180	5	2
180	10	180	6	2
80	5	80	7	3
80	2	80	8	3
80	4	80	9	3
-
140	22	140	1	1
140	45	140	2	1
140	4	140	3	1
140	18	140	4	1
150	4	150	5	2
150	27	150	6	2
150	4	150	7	2
150	15	150	8	2
150	15	150	9	3
150	3	150	10	3
150	1	150	11	3
150	3	150	12	3
-
150	100	150	1	1
150	14	150	2	1
150	12	150	3	1
180	10	180	4	2
180	31	180	5	2
180	3	180	6	2
-
120	12	120	1	1
120	3	120	2	1
120	2	120	3	1
160	12	160	4	2
160	10	160	5	2
160	23	160	6	2
120	3	120	7	3
120	3	120	8	3
120	1	120	9	3
-
180	26	180	1	1
180	36	180	2	1
60	1	60	3	2
60	1	60	4	2
50	2	50	5	3
50	1	50	6	3
-
100	3	100	1	1
100	1	100	2	1
100	6	100	3	1
100	2	100	4	1
100	1	100	5	1
160	10	160	6	2
160	37	160	7	2
160	3	160	8	2
160	20	160	9	2
160	14	160	10	2
160	36	160	11	3
160	3	160	12	3
160	28	160	13	3
160	5	160	14	3
160	10	160	15	3
-
60	1	60	1	1
60	1	60	2	1
60	1	60	3	1
100	38	100	4	2
100	42	100	5	2
100	14	100	6	2
-
200	7	200	1	1
200	7	200	2	1
200	10	200	3	1
120	2	120	4	2
120	2	120	5	2
120	1	120	6	2
200	1	200	7	3
200	1	200	8	3
200	1	200	9	3
-
200	41	200	1	1
200	139	200	2	1
160	15	160	3	2
160	6	160	4	2
-
60	1	60	1	1
60	1	60	2	1
60	1	60	3	1
60	1	60	4	1
60	1	60	5	1
50	1	50	6	2
50	1	50	7	2
50	1	50	8	2
50	1	50	9	2
50	1	50	10	2
160	16	160	11	3
160	42	160	12	3
160	21	160	13	3
160	6	160	14	3
160	1	160	15	3
-
150	1	150	1	1
150	1	150	2	1
150	1	150	3	1
150	1	150	4	1
150	3	150	5	2
150	2	150	6	2
150	2	150	7	2
150	1	150	8	2
180	1	180	9	3
180	5	180	10	3
180	1	180	11	3
180	2	180	12	3
-
140	5	140	1	1
140	4	140	2	1
140	14	140	3	1
140	10	140	4	1
140	5	140	5	1
80	1	80	6	2
80	2	80	7	2
80	2	80	8	2
80	2	80	9	2
80	1	80	10	2
-
200	2	200	1	1
200	9	200	2	1
140	13	140	3	2
140	26	140	4	2
-
100	2	100	1	1
100	11	100	2	1
100	2	100	3	1
100	5	100	4	1
140	3	140	5	2
140	1	140	6	2
140	9	140	7	2
140	11	140	8	2
-
200	9	200	1	1
200	17	200	2	1
160	19	160	3	2
160	9	160	4	2
-
50	1	50	1	1
50	1	50	2	1
50	1	50	3	1
60	1	60	4	2
60	3	60	5	2
60	5	60	6	2
180	35	180	7	3
180	4	180	8	3
180	44	180	9	3
-
140	26	140	1	1
140	50	140	2	1
140	8	140	3	1
140	3	140	4	1
80	6	80	5	2
80	2	80	6	2
80	4	80	7	2
80	5	80	8	2
-
150	29	150	1	1
150	52	150	2	1
150	1	150	3	2
150	1	150	4	2
-
180	3	180	1	1
180	14	180	2	1
180	10	180	3	1
200	1	200	4	2
200	1	200	5	2
200	1	200	6	2
-
200	20	200	1	1
200	6	200	2	1
200	3	200	3	1
200	14	200	4	1
200	9	200	5	1
140	11	140	6	2
140	5	140	7	2
140	9	140	8	2
140	7	140	9	2
140	16	140	10	2
100	1	100	11	3
100	2	100	12	3
100	1	100	13	3
100	2	100	14	3
100	9	100	15	3
-
200	1	200	1	1
200	2	200	2	1
200	2	200	3	1
200	1	200	4	1
100	7	100	5	2
100	22	100	6	2
100	15	100	7	2
100	2	100	8	2
-
200	2	200	1	1
200	2	200	2	1
200	5	200	3	1
200	2	200	4	1
160	1	160	5	2
160	1	160	6	2
160	1	160	7	2
160	1	160	8	2
160	1	160	9	3
160	1	160	10	3
160	2	160	11	3
160	3	160	12	3
-
80	4	80	1	1
80	22	80	2	1
100	3	100	3	2
100	2	100	4	2
120	13	120	5	3
120	2	120	6	3
-
50	2	50	1	1
50	6	50	2	1
50	2	50	3	1
50	6	50	4	1
60	2	60	5	2
60	3	60	6	2
60	5	60	7	2
60	2	60	8	2
-
200	3	200	1	1
200	7	200	2	1
200	4	200	3	1
200	6	200	4	1
120	10	120	5	2
120	5	120	6	2
120	2	120	7	2
120	8	120	8	2
120	3	120	9	3
120	10	120	10	3
120	8	120	11	3
120	2	120	12	3
-
120	1	120	1	1
120	2	120	2	1
120	7	120	3	1
120	4	120	4	1
80	7	80	5	2
80	2	80	6	2
80	22	80	7	2
80	6	80	8	2
100	1	100	9	3
100	1	100	10	3
100	1	100	11	3
100	1	100	12	3
-
160	12	160	1	1
160	3	160	2	1
160	4	160	3	1
160	3	160	4	1
100	15	100	5	2
100	5	100	6	2
100	13	100	7	2
100	9	100	8	2
140	4	140	9	3
140	1	140	10	3
140	6	140	11	3
140	3	140	12	3
-
100	23	100	1	1
100	12	100	2	1
60	4	60	3	2
60	3	60	4	2
140	87	140	5	3
140	7	140	6	3
-
150	7	150	1	1
150	3	150	2	1
150	4	150	3	1
150	11	150	4	1
150	5	150	5	1
60	1	60	6	2
60	1	60	7	2
60	1	60	8	2
60	1	60	9	2
60	1	60	10	2
80	1	80	11	3
80	5	80	12	3
80	1	80	13	3
80	7	80	14	3
80	3	80	15	3
-
150	1	150	1	1
150	1	150	2	1
150	1	150	3	1
150	1	150	4	1
150	1	150	5	1
200	7	200	6	2
200	31	200	7	2
200	15	200	8	2
200	10	200	9	2
200	9	200	10	2
80	1	80	11	3
80	1	80	12	3
80	1	80	13	3
80	1	80	14	3
80	1	80	15	3
-
120	2	120	1	1
120	4	120	2	1
120	2	120	3	1
120	3	120	4	1
60	1	60	5	2
60	1	60	6	2
60	1	60	7	2
60	1	60	8	2
180	6	180	9	3
180	11	180	10	3
180	15	180	11	3
180	71	180	12	3
-
80	1	80	1	1
80	1	80	2	1
80	2	80	3	1
80	1	80	4	1
80	1	80	5	1
160	1	160	6	2
160	8	160	7	2
160	6	160	8	2
160	2	160	9	2
160	4	160	10	2
-
200	24	200	1	1
200	13	200	2	1
100	32	100	3	2
100	16	100	4	2
150	3	150	5	3
150	13	150	6	3
-
150	37	150	1	1
150	8	150	2	1
160	17	160	3	2
160	3	160	4	2
50	4	50	5	3
50	8	50	6	3
-
60	21	60	1	1
60	10	60	2	1
60	4	60	3	1
60	2	60	4	1
60	8	60	5	1
160	10	160	6	2
160	4	160	7	2
160	3	160	8	2
160	1	160	9	2
160	16	160	10	2
-
140	2	140	1	1
140	1	140	2	1
140	8	140	3	1
140	3	140	4	1
140	6	140	5	1
140	1	140	6	2
140	17	140	7	2
140	3	140	8	2
140	4	140	9	2
140	2	140	10	2
-
50	1	50	1	1
50	1	50	2	1
50	1	50	3	1
50	1	50	4	1
50	1	50	5	1
180	6	180	6	2
180	3	180	7	2
180	6	180	8	2
180	8	180	9	2
180	5	180	10	2
120	1	120	11	3
120	1	120	12	3
120	5	120	13	3
120	3	120	14	3
120	4	120	15	3
-
180	1	180	1	1
180	1	180	2	1
180	2	180	3	1
180	1	180	4	1
200	5	200	5	2
200	10	200	6	2
200	10	200	7	2
200	8	200	8	2
140	7	140	9	3
140	35	140	10	3
140	3	140	11	3
140	19	140	12	3
-
140	16	140	1	1
140	29	140	2	1
140	5	140	3	1
200	2	200	4	2
200	3	200	5	2
200	7	200	6	2
80	1	80	7	3
80	10	80	8	3
80	13	80	9	3
-
180	31	180	1	1
180	49	180	2	1
60	2	60	3	2
60	3	60	4	2
-
60	31	60	1	1
60	4	60	2	1
50	2	50	3	2
50	3	50	4	2
-
140	60	140	1	1
140	10	140	2	1
140	12	140	3	2
140	30	140	4	2
160	8	160	5	3
160	3	160	6	3
-
100	2	100	1	1
100	5	100	2	1
100	6	100	3	1
100	2	100	4	1
140	2	140	5	2
140	2	140	6	2
140	2	140	7	2
140	2	140	8	2
200	1	200	9	3
200	1	200	10	3
200	1	200	11	3
200	1	200	12	3
-
100	9	100	1	1
100	3	100	2	1
100	5	100	3	1
100	11	100	4	1
150	1	150	5	2
150	1	150	6	2
150	1	150	7	2
150	1	150	8	2
-
180	2	180	1	1
180	5	180	2	1
180	1	180	3	1
60	3	60	4	2
60	1	60	5	2
60	2	60	6	2
160	18	160	7	3
160	1	160	8	3
160	31	160	9	3
-
120	23	120	1	1
120	56	120	2	1
160	70	160	3	2
160	2	160	4	2
-
180	2	180	1	1
180	20	180	2	1
180	2	180	3	1
180	41	180	4	2
180	44	180	5	2
180	42	180	6	2
-
160	16	160	1	1
160	4	160	2	1
160	3	160	3	1
60	12	60	4	2
60	11	60	5	2
60	16	60	6	2
-
80	4	80	1	1
80	4	80	2	1
80	1	80	3	2
80	1	80	4	2
-
60	3	60	1	1
60	4	60	2	1
60	1	60	3	1
120	2	120	4	2
120	2	120	5	2
120	8	120	6	2
100	1	100	7	3
100	1	100	8	3
100	1	100	9	3
-
80	8	80	1	1
80	9	80	2	1
80	5	80	3	1
160	9	160	4	2
160	4	160	5	2
160	2	160	6	2
140	3	140	7	3
140	12	140	8	3
140	7	140	9	3
-
140	64	140	1	1
140	35	140	2	1
200	7	200	3	2
200	25	200	4	2
-
150	56	150	1	1
150	25	150	2	1
150	10	150	3	1
150	5	150	4	1
150	13	150	5	1
80	1	80	6	2
80	1	80	7	2
80	1	80	8	2
80	1	80	9	2
80	1	80	10	2
-
200	40	200	1	1
200	15	200	2	1
200	6	200	3	1
200	1	200	4	1
160	21	160	5	2
160	32	160	6	2
160	3	160	7	2
160	6	160	8	2
-
60	8	60	1	1
60	1	60	2	1
60	9	60	3	1
160	2	160	4	2
160	1	160	5	2
160	4	160	6	2
-
160	36	160	1	1
160	89	160	2	1
160	10	160	3	1
180	29	180	4	2
180	20	180	5	2
180	9	180	6	2
-
60	12	60	1	1
60	3	60	2	1
60	4	60	3	1
60	6	60	4	1
60	1	60	5	1
180	1	180	6	2
180	10	180	7	2
180	3	180	8	2
180	4	180	9	2
180	2	180	10	2
80	1	80	11	3
80	3	80	12	3
80	3	80	13	3
80	2	80	14	3
80	3	80	15	3
-
100	5	100	1	1
100	2	100	2	1
100	2	100	3	1
100	2	100	4	1
100	10	100	5	1
160	5	160	6	2
160	5	160	7	2
160	17	160	8	2
160	17	160	9	2
160	5	160	10	2
-
100	4	100	1	1
100	7	100	2	1
120	5	120	3	2
120	13	120	4	2
60	2	60	5	3
60	1	60	6	3
-
150	4	150	1	1
150	24	150	2	1
50	7	50	3	2
50	20	50	4	2
160	3	160	5	3
160	11	160	6	3
-
120	2	120	1	1
120	2	120	2	1
120	3	120	3	1
120	2	120	4	1
200	18	200	5	2
200	1	200	6	2
200	46	200	7	2
200	9	200	8	2
160	1	160	9	3
160	1	160	10	3
160	1	160	11	3
160	2	160	12	3
-
160	5	160	1	1
160	4	160	2	1
160	4	160	3	1
160	3	160	4	1
160	1	160	5	1
120	10	120	6	2
120	10	120	7	2
120	48	120	8	2
120	8	120	9	2
120	3	120	10	2
200	1	200	11	3
200	1	200	12	3
200	1	200	13	3
200	1	200	14	3
200	2	200	15	3
-
140	1	140	1	1
140	1	140	2	1
140	13	140	3	1
120	1	120	4	2
120	1	120	5	2
120	1	120	6	2
100	1	100	7	3
100	1	100	8	3
100	4	100	9	3
-
140	46	140	1	1
140	15	140	2	1
80	4	80	3	2
80	5	80	4	2
140	22	140	5	3
140	16	140	6	3
-
50	11	50	1	1
50	2	50	2	1
50	9	50	3	1
50	5	50	4	1
50	6	50	5	1
160	2	160	6	2
160	1	160	7	2
160	1	160	8	2
160	2	160	9	2
160	1	160	10	2
-
120	24	120	1	1
120	3	120	2	1
120	11	120	3	1
120	2	120	4	1
180	7	180	5	2
180	5	180	6	2
180	3	180	7	2
180	2	180	8	2
-
50	3	50	1	1
50	7	50	2	1
100	3	100	3	2
100	10	100	4	2
-
100	9	100	1	1
100	66	100	2	1
100	2	100	3	2
100	3	100	4	2
-
50	3	50	1	1
50	2	50	2	1
150	5	150	3	2
150	44	150	4	2
60	2	60	5	3
60	10	60	6	3
-
150	11	150	1	1
150	6	150	2	1
150	2	150	3	1
150	2	150	4	1
150	5	150	5	1
120	1	120	6	2
120	1	120	7	2
120	2	120	8	2
120	2	120	9	2
120	1	120	10	2
-
180	4	180	1	1
180	11	180	2	1
180	7	180	3	1
180	13	180	4	1
180	1	180	5	1
80	1	80	6	2
80	1	80	7	2
80	1	80	8	2
80	1	80	9	2
80	1	80	10	2
-
140	1	140	1	1
140	1	140	2	1
80	2	80	3	2
80	10	80	4	2
200	14	200	5	3
200	14	200	6	3
-
200	13	200	1	1
200	6	200	2	1
200	1	200	3	1
200	21	200	4	1
100	1	100	5	2
100	1	100	6	2
100	1	100	7	2
100	1	100	8	2
50	5	50	9	3
50	4	50	10	3
50	1	50	11	3
50	2	50	12	3
-
50	1	50	1	1
50	1	50	2	1
50	1	50	3	1
80	2	80	4	2
80	3	80	5	2
80	5	80	6	2
150	1	150	7	3
150	9	150	8	3
150	4	150	9	3
-
60	1	60	1	1
60	1	60	2	1
60	1	60	3	1
60	1	60	4	1
180	2	180	5	2
180	1	180	6	2
180	1	180	7	2
180	1	180	8	2
140	1	140	9	3
140	6	140	10	3
140	10	140	11	3
140	2	140	12	3
-
