50	3	50	1	1
50	4	50	2	1
60	3	60	3	2
60	6	60	4	2
-
120	2	120	1	1
120	8	120	2	1
120	1	120	3	1
120	3	120	4	1
120	4	120	5	1
80	2	80	6	2
80	2	80	7	2
80	2	80	8	2
80	2	80	9	2
80	2	80	10	2
-
150	1	150	1	1
150	1	150	2	1
150	1	150	3	1
200	61	200	4	2
200	33	200	5	2
200	53	200	6	2
-
150	5	150	1	1
150	9	150	2	1
150	6	150	3	1
150	3	150	4	1
200	36	200	5	2
200	3	200	6	2
200	34	200	7	2
200	3	200	8	2
-
120	1	120	1	1
120	1	120	2	1
120	1	120	3	1
120	1	120	4	1
120	1	120	5	1
50	1	50	6	2
50	2	50	7	2
50	1	50	8	2
50	3	50	9	2
50	1	50	10	2
-
100	8	100	1	1
100	3	100	2	1
180	1	180	3	2
180	16	180	4	2
-
180	5	180	1	1
180	45	180	2	1
150	11	150	3	2
150	5	150	4	2
-
60	13	60	1	1
60	5	60	2	1
60	5	60	3	1
180	12	180	4	2
180	40	180	5	2
180	34	180	6	2
-
50	1	50	1	1
50	1	50	2	1
160	33	160	3	2
160	5	160	4	2
-
60	5	60	1	1
60	2	60	2	1
60	10	60	3	1
60	9	60	4	1
140	4	140	5	2
140	8	140	6	2
140	5	140	7	2
140	7	140	8	2
-
140	29	140	1	1
140	5	140	2	1
140	27	140	3	1
140	9	140	4	1
140	5	140	5	2
140	4	140	6	2
140	13	140	7	2
140	2	140	8	2
-
50	2	50	1	1
50	2	50	2	1
50	3	50	3	1
50	2	50	4	1
50	2	50	5	1
80	2	80	6	2
80	1	80	7	2
80	3	80	8	2
80	4	80	9	2
80	3	80	10	2
-
200	63	200	1	1
200	52	200	2	1
200	9	200	3	1
140	3	140	4	2
140	11	140	5	2
140	21	140	6	2
-
160	4	160	1	1
160	2	160	2	1
160	3	160	3	1
160	1	160	4	1
80	14	80	5	2
80	1	80	6	2
80	45	80	7	2
80	10	80	8	2
-
200	19	200	1	1
200	17	200	2	1
200	11	200	3	1
200	58	200	4	1
200	2	200	5	1
50	14	50	6	2
50	3	50	7	2
50	3	50	8	2
50	10	50	9	2
50	2	50	10	2
-
50	1	50	1	1
50	1	50	2	1
120	7	120	3	2
120	66	120	4	2
-
60	25	60	1	1
60	2	60	2	1
60	4	60	3	1
60	7	60	4	1
120	1	120	5	2
120	2	120	6	2
120	1	120	7	2
120	3	120	8	2
-
50	39	50	1	1
50	4	50	2	1
160	8	160	3	2
160	6	160	4	2
-
80	1	80	1	1
80	1	80	2	1
80	1	80	3	1
80	1	80	4	1
140	15	140	5	2
140	9	140	6	2
140	5	140	7	2
140	5	140	8	2
-
50	1	50	1	1
50	1	50	2	1
60	2	60	3	2
60	6	60	4	2
-
80	3	80	1	1
80	15	80	2	1
80	2	80	3	1
80	14	80	4	2
80	13	80	5	2
80	5	80	6	2
-
80	1	80	1	1
80	1	80	2	1
80	2	80	3	1
120	3	120	4	2
120	10	120	5	2
120	3	120	6	2
-
50	4	50	1	1
50	8	50	2	1
50	5	50	3	1
140	41	140	4	2
140	13	140	5	2
140	23	140	6	2
-
80	19	80	1	1
80	20	80	2	1
80	19	80	3	2
80	1	80	4	2
-
200	38	200	1	1
200	10	200	2	1
200	36	200	3	1
200	33	200	4	1
200	14	200	5	1
140	13	140	6	2
140	3	140	7	2
140	14	140	8	2
140	2	140	9	2
140	5	140	10	2
-
80	1	80	1	1
80	1	80	2	1
80	1	80	3	1
80	1	80	4	1
100	19	100	5	2
100	11	100	6	2
100	7	100	7	2
100	10	100	8	2
-
50	1	50	1	1
50	5	50	2	1
50	9	50	3	1
150	29	150	4	2
150	59	150	5	2
150	24	150	6	2
-
80	1	80	1	1
80	7	80	2	1
80	8	80	3	1
150	1	150	4	2
150	16	150	5	2
150	60	150	6	2
-
100	8	100	1	1
100	2	100	2	1
100	15	100	3	1
60	14	60	4	2
60	11	60	5	2
60	1	60	6	2
-
120	3	120	1	1
120	2	120	2	1
120	12	120	3	1
120	5	120	4	1
80	7	80	5	2
80	5	80	6	2
80	1	80	7	2
80	4	80	8	2
-
140	34	140	1	1
140	2	140	2	1
140	45	140	3	1
140	14	140	4	1
200	29	200	5	2
200	2	200	6	2
200	2	200	7	2
200	5	200	8	2
-
80	15	80	1	1
80	14	80	2	1
80	6	80	3	1
80	9	80	4	1
120	2	120	5	2
120	7	120	6	2
120	1	120	7	2
120	4	120	8	2
-
150	2	150	1	1
150	37	150	2	1
150	4	150	3	1
180	1	180	4	2
180	1	180	5	2
180	1	180	6	2
-
140	13	140	1	1
140	12	140	2	1
140	27	140	3	1
140	6	140	4	1
60	6	60	5	2
60	3	60	6	2
60	7	60	7	2
60	25	60	8	2
-
150	5	150	1	1
150	2	150	2	1
150	4	150	3	1
150	3	150	4	1
150	1	150	5	1
50	1	50	6	2
50	1	50	7	2
50	1	50	8	2
50	1	50	9	2
50	1	50	10	2
-
80	12	80	1	1
80	19	80	2	1
80	12	80	3	1
180	2	180	4	2
180	6	180	5	2
180	8	180	6	2
-
100	5	100	1	1
100	6	100	2	1
180	3	180	3	2
180	4	180	4	2
-
50	1	50	1	1
50	1	50	2	1
50	1	50	3	1
50	1	50	4	1
50	1	50	5	1
50	1	50	6	2
50	1	50	7	2
50	2	50	8	2
50	1	50	9	2
50	10	50	10	2
-
180	5	180	1	1
180	55	180	2	1
180	14	180	3	1
180	36	180	4	1
180	22	180	5	1
60	1	60	6	2
60	3	60	7	2
60	1	60	8	2
60	1	60	9	2
60	4	60	10	2
-
60	6	60	1	1
60	21	60	2	1
140	11	140	3	2
140	84	140	4	2
-
140	88	140	1	1
140	20	140	2	1
50	1	50	3	2
50	1	50	4	2
-
200	1	200	1	1
200	3	200	2	1
200	1	200	3	1
200	2	200	4	1
200	2	200	5	1
140	8	140	6	2
140	13	140	7	2
140	4	140	8	2
140	4	140	9	2
140	1	140	10	2
-
120	14	120	1	1
120	20	120	2	1
120	12	120	3	1
160	10	160	4	2
160	5	160	5	2
160	22	160	6	2
-
150	13	150	1	1
150	128	150	2	1
140	4	140	3	2
140	2	140	4	2
-
150	8	150	1	1
150	34	150	2	1
120	13	120	3	2
120	4	120	4	2
-
160	80	160	1	1
160	55	160	2	1
200	6	200	3	2
200	48	200	4	2
-
150	2	150	1	1
150	1	150	2	1
150	4	150	3	1
160	7	160	4	2
160	32	160	5	2
160	28	160	6	2
-
150	15	150	1	1
150	3	150	2	1
150	15	150	3	1
150	16	150	4	1
150	2	150	5	1
100	4	100	6	2
100	3	100	7	2
100	3	100	8	2
100	14	100	9	2
100	2	100	10	2
-
100	20	100	1	1
100	7	100	2	1
50	2	50	3	2
50	36	50	4	2
-
60	21	60	1	1
60	24	60	2	1
140	30	140	3	2
140	10	140	4	2
-
80	9	80	1	1
80	20	80	2	1
80	7	80	3	1
80	1	80	4	1
80	16	80	5	1
120	1	120	6	2
120	1	120	7	2
120	2	120	8	2
120	1	120	9	2
120	1	120	10	2
-
180	3	180	1	1
180	19	180	2	1
180	4	180	3	1
180	6	180	4	1
180	2	180	5	1
100	5	100	6	2
100	14	100	7	2
100	13	100	8	2
100	25	100	9	2
100	9	100	10	2
-
60	1	60	1	1
60	2	60	2	1
60	1	60	3	1
60	1	60	4	1
150	7	150	5	2
150	4	150	6	2
150	3	150	7	2
150	4	150	8	2
-
150	17	150	1	1
150	3	150	2	1
150	2	150	3	2
150	3	150	4	2
-
120	27	120	1	1
120	7	120	2	1
120	4	120	3	1
120	34	120	4	1
200	4	200	5	2
200	3	200	6	2
200	8	200	7	2
200	7	200	8	2
-
160	28	160	1	1
160	12	160	2	1
160	14	160	3	1
160	28	160	4	1
50	1	50	5	2
50	1	50	6	2
50	2	50	7	2
50	1	50	8	2
-
150	49	150	1	1
150	88	150	2	1
200	2	200	3	2
200	15	200	4	2
-
150	6	150	1	1
150	12	150	2	1
150	18	150	3	1
150	14	150	4	1
150	1	150	5	2
150	1	150	6	2
150	1	150	7	2
150	1	150	8	2
-
200	2	200	1	1
200	6	200	2	1
200	2	200	3	1
200	5	200	4	1
200	9	200	5	1
160	6	160	6	2
160	15	160	7	2
160	2	160	8	2
160	1	160	9	2
160	9	160	10	2
-
200	14	200	1	1
200	4	200	2	1
200	4	200	3	1
200	2	200	4	1
50	4	50	5	2
50	1	50	6	2
50	11	50	7	2
50	5	50	8	2
-
180	1	180	1	1
180	15	180	2	1
180	70	180	3	1
180	3	180	4	1
180	3	180	5	1
180	22	180	6	2
180	5	180	7	2
180	56	180	8	2
180	23	180	9	2
180	2	180	10	2
-
100	4	100	1	1
100	3	100	2	1
100	2	100	3	1
100	3	100	4	1
100	2	100	5	1
60	1	60	6	2
60	1	60	7	2
60	1	60	8	2
60	1	60	9	2
60	1	60	10	2
-
200	51	200	1	1
200	9	200	2	1
200	46	200	3	1
200	8	200	4	1
200	52	200	5	1
180	2	180	6	2
180	3	180	7	2
180	2	180	8	2
180	1	180	9	2
180	3	180	10	2
-
140	11	140	1	1
140	2	140	2	1
80	35	80	3	2
80	4	80	4	2
-
160	5	160	1	1
160	3	160	2	1
160	5	160	3	1
60	3	60	4	2
60	10	60	5	2
60	6	60	6	2
-
200	32	200	1	1
200	9	200	2	1
200	2	200	3	1
200	25	200	4	1
200	24	200	5	1
80	1	80	6	2
80	5	80	7	2
80	6	80	8	2
80	2	80	9	2
80	6	80	10	2
-
50	15	50	1	1
50	1	50	2	1
50	9	50	3	1
100	1	100	4	2
100	1	100	5	2
100	1	100	6	2
-
80	4	80	1	1
80	1	80	2	1
80	3	80	3	1
80	15	80	4	1
80	4	80	5	1
160	2	160	6	2
160	1	160	7	2
160	1	160	8	2
160	2	160	9	2
160	1	160	10	2
-
150	1	150	1	1
150	2	150	2	1
150	2	150	3	1
150	5	150	4	1
150	11	150	5	2
150	6	150	6	2
150	26	150	7	2
150	13	150	8	2
-
200	13	200	1	1
200	1	200	2	1
100	28	100	3	2
100	1	100	4	2
-
50	6	50	1	1
50	2	50	2	1
50	1	50	3	1
50	3	50	4	1
100	1	100	5	2
100	1	100	6	2
100	1	100	7	2
100	1	100	8	2
-
100	10	100	1	1
100	15	100	2	1
100	9	100	3	1
100	13	100	4	1
140	6	140	5	2
140	3	140	6	2
140	2	140	7	2
140	2	140	8	2
-
140	1	140	1	1
140	2	140	2	1
140	2	140	3	1
140	2	140	4	1
80	20	80	5	2
80	19	80	6	2
80	5	80	7	2
80	10	80	8	2
-
80	4	80	1	1
80	1	80	2	1
80	6	80	3	1
80	1	80	4	1
80	1	80	5	1
100	37	100	6	2
100	11	100	7	2
100	16	100	8	2
100	2	100	9	2
100	8	100	10	2
-
100	1	100	1	1
100	4	100	2	1
100	2	100	3	1
160	21	160	4	2
160	40	160	5	2
160	2	160	6	2
-
50	1	50	1	1
50	2	50	2	1
50	1	50	3	1
50	2	50	4	1
50	1	50	5	1
180	5	180	6	2
180	3	180	7	2
180	2	180	8	2
180	5	180	9	2
180	10	180	10	2
-
120	4	120	1	1
120	3	120	2	1
120	11	120	3	1
200	3	200	4	2
200	9	200	5	2
200	2	200	6	2
-
200	2	200	1	1
200	87	200	2	1
160	3	160	3	2
160	4	160	4	2
-
60	3	60	1	1
60	3	60	2	1
60	2	60	3	1
160	5	160	4	2
160	41	160	5	2
160	49	160	6	2
-
100	22	100	1	1
100	2	100	2	1
100	9	100	3	1
140	11	140	4	2
140	17	140	5	2
140	2	140	6	2
-
120	27	120	1	1
120	17	120	2	1
200	10	200	3	2
200	111	200	4	2
-
140	93	140	1	1
140	7	140	2	1
140	1	140	3	2
140	4	140	4	2
-
180	9	180	1	1
180	20	180	2	1
180	19	180	3	1
180	3	180	4	1
120	4	120	5	2
120	10	120	6	2
120	13	120	7	2
120	12	120	8	2
-
120	26	120	1	1
120	3	120	2	1
120	8	120	3	1
60	5	60	4	2
60	6	60	5	2
60	21	60	6	2
-
60	2	60	1	1
60	2	60	2	1
60	1	60	3	1
60	20	60	4	1
120	28	120	5	2
120	10	120	6	2
120	9	120	7	2
120	8	120	8	2
-
120	16	120	1	1
120	18	120	2	1
150	17	150	3	2
150	99	150	4	2
-
100	1	100	1	1
100	1	100	2	1
100	2	100	3	1
80	6	80	4	2
80	3	80	5	2
80	7	80	6	2
-
50	4	50	1	1
50	2	50	2	1
180	2	180	3	2
180	3	180	4	2
-
60	1	60	1	1
60	1	60	2	1
60	1	60	3	1
60	1	60	4	1
60	7	60	5	2
60	4	60	6	2
60	9	60	7	2
60	3	60	8	2
-
60	1	60	1	1
60	1	60	2	1
60	1	60	3	1
60	1	60	4	1
60	1	60	5	1
180	6	180	6	2
180	2	180	7	2
180	2	180	8	2
180	2	180	9	2
180	7	180	10	2
-
120	6	120	1	1
120	31	120	2	1
120	12	120	3	1
120	5	120	4	1
120	7	120	5	1
180	8	180	6	2
180	18	180	7	2
180	2	180	8	2
180	8	180	9	2
180	27	180	10	2
-
150	5	150	1	1
150	13	150	2	1
140	3	140	3	2
140	1	140	4	2
-
180	11	180	1	1
180	42	180	2	1
180	7	180	3	1
180	8	180	4	1
180	6	180	5	1
200	6	200	6	2
200	8	200	7	2
200	5	200	8	2
200	7	200	9	2
200	3	200	10	2
-
200	1	200	1	1
200	1	200	2	1
80	32	80	3	2
80	2	80	4	2
-
120	1	120	1	1
120	49	120	2	1
80	4	80	3	2
80	1	80	4	2
-
180	1	180	1	1
180	1	180	2	1
180	1	180	3	1
180	1	180	4	1
180	1	180	5	1
200	8	200	6	2
200	4	200	7	2
200	7	200	8	2
200	2	200	9	2
200	2	200	10	2
-
150	6	150	1	1
150	60	150	2	1
150	18	150	3	1
150	10	150	4	1
150	6	150	5	1
160	5	160	6	2
160	9	160	7	2
160	1	160	8	2
160	11	160	9	2
160	12	160	10	2
-
150	56	150	1	1
150	9	150	2	1
150	5	150	3	2
150	54	150	4	2
-
80	1	80	1	1
80	1	80	2	1
80	1	80	3	1
140	23	140	4	2
140	13	140	5	2
140	45	140	6	2
-
180	17	180	1	1
180	2	180	2	1
160	31	160	3	2
160	13	160	4	2
-
120	4	120	1	1
120	5	120	2	1
120	1	120	3	1
120	1	120	4	1
120	1	120	5	1
150	32	150	6	2
150	5	150	7	2
150	6	150	8	2
150	2	150	9	2
150	15	150	10	2
-
50	2	50	1	1
50	6	50	2	1
100	36	100	3	2
100	63	100	4	2
-
60	5	60	1	1
60	4	60	2	1
60	11	60	3	1
60	21	60	4	1
60	6	60	5	1
150	10	150	6	2
150	3	150	7	2
150	10	150	8	2
150	3	150	9	2
150	4	150	10	2
-
80	32	80	1	1
80	34	80	2	1
80	12	80	3	1
150	1	150	4	2
150	5	150	5	2
150	3	150	6	2
-
60	1	60	1	1
60	6	60	2	1
60	1	60	3	1
60	17	60	4	1
60	2	60	5	1
100	2	100	6	2
100	5	100	7	2
100	4	100	8	2
100	33	100	9	2
100	18	100	10	2
-
180	15	180	1	1
180	19	180	2	1
150	11	150	3	2
150	77	150	4	2
-
160	14	160	1	1
160	9	160	2	1
200	37	200	3	2
200	117	200	4	2
-
80	3	80	1	1
80	5	80	2	1
80	19	80	3	1
80	14	80	4	1
150	14	150	5	2
150	8	150	6	2
150	6	150	7	2
150	7	150	8	2
-
80	3	80	1	1
80	12	80	2	1
80	12	80	3	1
80	4	80	4	1
140	2	140	5	2
140	7	140	6	2
140	1	140	7	2
140	3	140	8	2
-
180	9	180	1	1
180	4	180	2	1
180	6	180	3	1
60	7	60	4	2
60	2	60	5	2
60	1	60	6	2
-
160	10	160	1	1
160	11	160	2	1
160	57	160	3	1
140	10	140	4	2
140	8	140	5	2
140	36	140	6	2
-
50	6	50	1	1
50	2	50	2	1
50	1	50	3	1
50	2	50	4	1
60	9	60	5	2
60	13	60	6	2
60	10	60	7	2
60	12	60	8	2
-
140	4	140	1	1
140	23	140	2	1
140	5	140	3	1
140	14	140	4	1
140	3	140	5	1
150	37	150	6	2
150	23	150	7	2
150	4	150	8	2
150	59	150	9	2
150	3	150	10	2
-
140	25	140	1	1
140	9	140	2	1
140	8	140	3	1
140	5	140	4	1
180	71	180	5	2
180	2	180	6	2
180	10	180	7	2
180	25	180	8	2
-
120	25	120	1	1
120	12	120	2	1
120	5	120	3	1
120	10	120	4	1
120	3	120	5	1
150	1	150	6	2
150	1	150	7	2
150	1	150	8	2
150	1	150	9	2
150	1	150	10	2
-
150	1	150	1	1
150	3	150	2	1
150	4	150	3	1
150	2	150	4	1
150	3	150	5	1
150	1	150	6	2
150	2	150	7	2
150	2	150	8	2
150	1	150	9	2
150	11	150	10	2
-
150	36	150	1	1
150	13	150	2	1
150	15	150	3	1
150	6	150	4	1
150	20	150	5	1
180	8	180	6	2
180	6	180	7	2
180	2	180	8	2
180	1	180	9	2
180	9	180	10	2
-
120	33	120	1	1
120	15	120	2	1
120	46	120	3	1
120	23	120	4	2
120	5	120	5	2
120	14	120	6	2
-
50	1	50	1	1
50	1	50	2	1
50	1	50	3	1
50	1	50	4	1
50	1	50	5	1
150	9	150	6	2
150	1	150	7	2
150	12	150	8	2
150	19	150	9	2
150	12	150	10	2
-
100	2	100	1	1
100	4	100	2	1
100	4	100	3	1
150	29	150	4	2
150	48	150	5	2
150	53	150	6	2
-
80	2	80	1	1
80	1	80	2	1
80	2	80	3	1
80	1	80	4	1
150	4	150	5	2
150	2	150	6	2
150	11	150	7	2
150	10	150	8	2
-
100	1	100	1	1
100	1	100	2	1
100	1	100	3	1
100	1	100	4	1
180	63	180	5	2
180	24	180	6	2
180	59	180	7	2
180	18	180	8	2
-
180	7	180	1	1
180	8	180	2	1
180	3	180	3	1
180	2	180	4	1
140	37	140	5	2
140	8	140	6	2
140	33	140	7	2
140	4	140	8	2
-
140	24	140	1	1
140	5	140	2	1
140	5	140	3	1
140	10	140	4	1
120	2	120	5	2
120	24	120	6	2
120	48	120	7	2
120	28	120	8	2
-
60	3	60	1	1
60	6	60	2	1
60	1	60	3	1
60	3	60	4	1
60	5	60	5	1
60	1	60	6	2
60	1	60	7	2
60	1	60	8	2
60	1	60	9	2
60	1	60	10	2
-
150	2	150	1	1
150	8	150	2	1
160	84	160	3	2
160	13	160	4	2
-
100	1	100	1	1
100	1	100	2	1
100	1	100	3	1
200	26	200	4	2
200	86	200	5	2
200	2	200	6	2
-
160	10	160	1	1
160	102	160	2	1
80	28	80	3	2
80	7	80	4	2
-
200	4	200	1	1
200	9	200	2	1
200	2	200	3	1
200	3	200	4	1
200	5	200	5	2
200	5	200	6	2
200	4	200	7	2
200	5	200	8	2
-
120	8	120	1	1
120	6	120	2	1
120	5	120	3	1
120	8	120	4	1
80	1	80	5	2
80	2	80	6	2
80	1	80	7	2
80	1	80	8	2
-
50	1	50	1	1
50	1	50	2	1
120	9	120	3	2
120	5	120	4	2
-
60	1	60	1	1
60	3	60	2	1
200	100	200	3	2
200	15	200	4	2
-
120	21	120	1	1
120	2	120	2	1
180	23	180	3	2
180	22	180	4	2
-
60	1	60	1	1
60	1	60	2	1
60	1	60	3	1
60	1	60	4	1
60	1	60	5	1
120	2	120	6	2
120	2	120	7	2
120	12	120	8	2
120	4	120	9	2
120	4	120	10	2
-
100	9	100	1	1
100	7	100	2	1
80	21	80	3	2
80	19	80	4	2
-
160	26	160	1	1
160	12	160	2	1
160	9	160	3	1
160	33	160	4	1
160	12	160	5	1
160	34	160	6	2
160	5	160	7	2
160	11	160	8	2
160	6	160	9	2
160	12	160	10	2
-
160	26	160	1	1
160	14	160	2	1
200	84	200	3	2
200	52	200	4	2
-
120	7	120	1	1
120	13	120	2	1
50	28	50	3	2
50	11	50	4	2
-
50	14	50	1	1
50	6	50	2	1
150	2	150	3	2
150	113	150	4	2
-
60	2	60	1	1
60	1	60	2	1
60	2	60	3	1
60	2	60	4	1
60	2	60	5	1
120	8	120	6	2
120	7	120	7	2
120	7	120	8	2
120	6	120	9	2
120	4	120	10	2
-
160	22	160	1	1
160	30	160	2	1
160	68	160	3	2
160	14	160	4	2
-
160	1	160	1	1
160	1	160	2	1
160	1	160	3	1
200	5	200	4	2
200	21	200	5	2
200	6	200	6	2
-
120	2	120	1	1
120	77	120	2	1
120	9	120	3	1
120	2	120	4	1
120	9	120	5	1
150	1	150	6	2
150	1	150	7	2
150	4	150	8	2
150	5	150	9	2
150	3	150	10	2
-
60	13	60	1	1
60	1	60	2	1
60	4	60	3	1
60	4	60	4	1
60	2	60	5	1
150	17	150	6	2
150	8	150	7	2
150	20	150	8	2
150	16	150	9	2
150	14	150	10	2
-
180	2	180	1	1
180	15	180	2	1
180	14	180	3	1
180	4	180	4	1
180	6	180	5	1
80	5	80	6	2
80	1	80	7	2
80	2	80	8	2
80	5	80	9	2
80	10	80	10	2
-
50	2	50	1	1
50	4	50	2	1
50	3	50	3	1
50	7	50	4	1
120	22	120	5	2
120	16	120	6	2
120	4	120	7	2
120	4	120	8	2
-
100	1	100	1	1
100	1	100	2	1
100	1	100	3	1
100	1	100	4	1
50	3	50	5	2
50	7	50	6	2
50	1	50	7	2
50	3	50	8	2
-
100	4	100	1	1
100	3	100	2	1
100	8	100	3	1
140	31	140	4	2
140	22	140	5	2
140	60	140	6	2
-
150	11	150	1	1
150	1	150	2	1
150	4	150	3	1
150	3	150	4	1
150	3	150	5	1
160	3	160	6	2
160	1	160	7	2
160	1	160	8	2
160	1	160	9	2
160	1	160	10	2
-
120	18	120	1	1
120	5	120	2	1
120	2	120	3	1
160	5	160	4	2
160	45	160	5	2
160	4	160	6	2
-
180	4	180	1	1
180	10	180	2	1
180	3	180	3	1
180	18	180	4	1
60	2	60	5	2
60	4	60	6	2
60	33	60	7	2
60	6	60	8	2
-
200	3	200	1	1
200	94	200	2	1
200	62	200	3	1
200	40	200	4	1
200	6	200	5	2
200	5	200	6	2
200	15	200	7	2
200	6	200	8	2
-
120	24	120	1	1
120	21	120	2	1
60	2	60	3	2
60	7	60	4	2
-
160	17	160	1	1
160	13	160	2	1
160	7	160	3	1
160	10	160	4	1
160	1	160	5	1
50	1	50	6	2
50	1	50	7	2
50	1	50	8	2
50	1	50	9	2
50	1	50	10	2
-
60	20	60	1	1
60	7	60	2	1
60	11	60	3	1
60	9	60	4	1
140	8	140	5	2
140	9	140	6	2
140	14	140	7	2
140	26	140	8	2
-
100	11	100	1	1
100	13	100	2	1
100	6	100	3	1
180	3	180	4	2
180	12	180	5	2
180	80	180	6	2
-
200	37	200	1	1
200	1	200	2	1
200	46	200	3	1
140	11	140	4	2
140	2	140	5	2
140	8	140	6	2
-
60	6	60	1	1
60	6	60	2	1
160	6	160	3	2
160	6	160	4	2
-
140	9	140	1	1
140	1	140	2	1
140	13	140	3	1
140	5	140	4	1
140	2	140	5	1
180	12	180	6	2
180	17	180	7	2
180	6	180	8	2
180	10	180	9	2
180	11	180	10	2
-
140	11	140	1	1
140	13	140	2	1
140	19	140	3	1
120	36	120	4	2
120	6	120	5	2
120	35	120	6	2
-
50	1	50	1	1
50	1	50	2	1
50	1	50	3	1
160	14	160	4	2
160	8	160	5	2
160	6	160	6	2
-
100	1	100	1	1
100	1	100	2	1
100	1	100	3	1
100	1	100	4	1
100	1	100	5	1
120	10	120	6	2
120	6	120	7	2
120	32	120	8	2
120	7	120	9	2
120	1	120	10	2
-
140	17	140	1	1
140	17	140	2	1
140	9	140	3	1
140	8	140	4	1
140	4	140	5	1
140	2	140	6	2
140	5	140	7	2
140	6	140	8	2
140	7	140	9	2
140	20	140	10	2
-
160	23	160	1	1
160	9	160	2	1
160	32	160	3	1
160	13	160	4	1
60	1	60	5	2
60	1	60	6	2
60	1	60	7	2
60	1	60	8	2
-
100	4	100	1	1
100	30	100	2	1
100	25	100	3	1
200	47	200	4	2
200	2	200	5	2
200	24	200	6	2
-
140	53	140	1	1
140	16	140	2	1
140	40	140	3	1
140	4	140	4	2
140	2	140	5	2
140	2	140	6	2
-
100	3	100	1	1
100	2	100	2	1
100	2	100	3	1
100	2	100	4	1
180	84	180	5	2
180	9	180	6	2
180	24	180	7	2
180	24	180	8	2
-
200	1	200	1	1
200	6	200	2	1
200	12	200	3	1
160	3	160	4	2
160	7	160	5	2
160	3	160	6	2
-
80	8	80	1	1
80	4	80	2	1
80	18	80	3	1
100	21	100	4	2
100	27	100	5	2
100	34	100	6	2
-
160	18	160	1	1
160	3	160	2	1
160	4	160	3	1
120	14	120	4	2
120	7	120	5	2
120	10	120	6	2
-
50	1	50	1	1
50	1	50	2	1
50	1	50	3	1
50	2	50	4	1
80	1	80	5	2
80	1	80	6	2
80	1	80	7	2
80	2	80	8	2
-
50	3	50	1	1
50	3	50	2	1
50	6	50	3	1
120	4	120	4	2
120	16	120	5	2
120	6	120	6	2
-
100	8	100	1	1
100	12	100	2	1
100	3	100	3	1
100	8	100	4	1
100	29	100	5	1
180	1	180	6	2
180	6	180	7	2
180	2	180	8	2
180	13	180	9	2
180	2	180	10	2
-
180	33	180	1	1
180	8	180	2	1
100	41	100	3	2
100	8	100	4	2
-
160	34	160	1	1
160	23	160	2	1
50	8	50	3	2
50	2	50	4	2
-
100	12	100	1	1
100	7	100	2	1
100	11	100	3	1
140	4	140	4	2
140	5	140	5	2
140	1	140	6	2
-
60	1	60	1	1
60	1	60	2	1
140	2	140	3	2
140	15	140	4	2
-
140	3	140	1	1
140	17	140	2	1
140	11	140	3	1
140	24	140	4	1
140	2	140	5	1
180	7	180	6	2
180	67	180	7	2
180	26	180	8	2
180	7	180	9	2
180	2	180	10	2
-
60	6	60	1	1
60	3	60	2	1
60	5	60	3	1
60	5	60	4	1
60	2	60	5	1
50	2	50	6	2
50	5	50	7	2
50	2	50	8	2
50	2	50	9	2
50	1	50	10	2
-
50	1	50	1	1
50	1	50	2	1
50	1	50	3	1
50	1	50	4	1
120	24	120	5	2
120	16	120	6	2
120	11	120	7	2
120	16	120	8	2
-
100	18	100	1	1
100	7	100	2	1
150	33	150	3	2
150	17	150	4	2
-
60	3	60	1	1
60	2	60	2	1
60	7	60	3	1
60	11	60	4	1
140	18	140	5	2
140	1	140	6	2
140	13	140	7	2
140	10	140	8	2
-
60	11	60	1	1
60	6	60	2	1
60	13	60	3	1
60	17	60	4	1
120	2	120	5	2
120	1	120	6	2
120	1	120	7	2
120	3	120	8	2
-
120	6	120	1	1
120	6	120	2	1
120	8	120	3	1
150	4	150	4	2
150	5	150	5	2
150	1	150	6	2
-
50	4	50	1	1
50	3	50	2	1
50	2	50	3	1
50	7	50	4	1
50	5	50	5	1
80	2	80	6	2
80	25	80	7	2
80	10	80	8	2
80	5	80	9	2
80	6	80	10	2
-
100	23	100	1	1
100	2	100	2	1
100	2	100	3	1
100	18	100	4	1
60	3	60	5	2
60	4	60	6	2
60	11	60	7	2
60	4	60	8	2
-
150	2	150	1	1
150	9	150	2	1
150	31	150	3	1
150	4	150	4	1
200	5	200	5	2
200	3	200	6	2
200	3	200	7	2
200	2	200	8	2
-
80	9	80	1	1
80	5	80	2	1
80	9	80	3	1
60	1	60	4	2
60	5	60	5	2
60	7	60	6	2
-
50	1	50	1	1
50	1	50	2	1
50	1	50	3	1
50	1	50	4	1
50	1	50	5	1
180	4	180	6	2
180	11	180	7	2
180	7	180	8	2
180	8	180	9	2
180	4	180	10	2
-
100	16	100	1	1
100	34	100	2	1
100	48	100	3	1
50	1	50	4	2
50	1	50	5	2
50	1	50	6	2
-
120	26	120	1	1
120	4	120	2	1
120	43	120	3	1
80	2	80	4	2
80	21	80	5	2
80	9	80	6	2
-
60	4	60	1	1
60	27	60	2	1
150	11	150	3	2
150	12	150	4	2
-
180	32	180	1	1
180	6	180	2	1
180	3	180	3	1
180	26	180	4	1
60	16	60	5	2
60	7	60	6	2
60	3	60	7	2
60	22	60	8	2
-
140	70	140	1	1
140	2	140	2	1
120	17	120	3	2
120	56	120	4	2
-
160	54	160	1	1
160	2	160	2	1
160	4	160	3	1
60	5	60	4	2
60	4	60	5	2
60	1	60	6	2
-
60	1	60	1	1
60	1	60	2	1
60	1	60	3	1
60	1	60	4	1
50	6	50	5	2
50	5	50	6	2
50	4	50	7	2
50	20	50	8	2
-
160	14	160	1	1
160	34	160	2	1
50	11	50	3	2
50	3	50	4	2
-
100	2	100	1	1
100	4	100	2	1
100	5	100	3	1
100	1	100	4	1
160	16	160	5	2
160	51	160	6	2
160	19	160	7	2
160	58	160	8	2
-
60	6	60	1	1
60	8	60	2	1
60	7	60	3	1
60	8	60	4	1
60	8	60	5	1
50	1	50	6	2
50	1	50	7	2
50	1	50	8	2
50	1	50	9	2
50	1	50	10	2
-
140	3	140	1	1
140	10	140	2	1
140	17	140	3	1
150	85	150	4	2
150	24	150	5	2
150	32	150	6	2
-
150	8	150	1	1
150	48	150	2	1
150	8	150	3	1
150	5	150	4	1
150	2	150	5	1
180	1	180	6	2
180	1	180	7	2
180	1	180	8	2
180	1	180	9	2
180	1	180	10	2
-
150	16	150	1	1
150	40	150	2	1
150	8	150	3	1
150	15	150	4	1
100	5	100	5	2
100	10	100	6	2
100	2	100	7	2
100	3	100	8	2
-
120	35	120	1	1
120	20	120	2	1
160	8	160	3	2
160	32	160	4	2
-
180	1	180	1	1
180	1	180	2	1
180	78	180	3	1
180	15	180	4	1
120	2	120	5	2
120	1	120	6	2
120	2	120	7	2
120	1	120	8	2
-
50	11	50	1	1
50	6	50	2	1
50	3	50	3	1
140	25	140	4	2
140	6	140	5	2
140	35	140	6	2
-
180	4	180	1	1
180	20	180	2	1
50	1	50	3	2
50	1	50	4	2
-
80	20	80	1	1
80	6	80	2	1
80	27	80	3	1
80	18	80	4	1
60	3	60	5	2
60	5	60	6	2
60	2	60	7	2
60	5	60	8	2
-
150	1	150	1	1
150	7	150	2	1
150	2	150	3	1
150	5	150	4	1
150	13	150	5	1
180	20	180	6	2
180	9	180	7	2
180	9	180	8	2
180	33	180	9	2
180	37	180	10	2
-
50	1	50	1	1
50	1	50	2	1
50	1	50	3	1
50	4	50	4	2
50	3	50	5	2
50	3	50	6	2
-
140	2	140	1	1
140	7	140	2	1
140	10	140	3	1
140	5	140	4	1
140	1	140	5	2
140	2	140	6	2
140	11	140	7	2
140	7	140	8	2
-
80	2	80	1	1
80	22	80	2	1
80	14	80	3	1
80	33	80	4	1
150	5	150	5	2
150	9	150	6	2
150	8	150	7	2
150	1	150	8	2
-
150	1	150	1	1
150	68	150	2	1
80	35	80	3	2
80	18	80	4	2
-
50	1	50	1	1
50	1	50	2	1
50	1	50	3	1
120	2	120	4	2
120	3	120	5	2
120	43	120	6	2
-
100	2	100	1	1
100	19	100	2	1
100	2	100	3	1
100	5	100	4	1
100	1	100	5	1
60	2	60	6	2
60	6	60	7	2
60	1	60	8	2
60	4	60	9	2
60	3	60	10	2
-
50	1	50	1	1
50	1	50	2	1
50	1	50	3	1
50	1	50	4	1
50	1	50	5	1
180	10	180	6	2
180	6	180	7	2
180	17	180	8	2
180	5	180	9	2
180	4	180	10	2
-
60	1	60	1	1
60	1	60	2	1
60	1	60	3	1
60	1	60	4	1
180	13	180	5	2
180	13	180	6	2
180	1	180	7	2
180	27	180	8	2
-
120	16	120	1	1
120	32	120	2	1
200	48	200	3	2
200	103	200	4	2
-
60	6	60	1	1
60	1	60	2	1
60	2	60	3	1
60	5	60	4	1
160	3	160	5	2
160	5	160	6	2
160	4	160	7	2
160	16	160	8	2
-
50	12	50	1	1
50	9	50	2	1
100	2	100	3	2
100	45	100	4	2
-
50	1	50	1	1
50	1	50	2	1
50	2	50	3	1
50	1	50	4	1
50	1	50	5	1
150	1	150	6	2
150	17	150	7	2
150	7	150	8	2
150	7	150	9	2
150	8	150	10	2
-
120	3	120	1	1
120	13	120	2	1
120	1	120	3	1
50	3	50	4	2
50	3	50	5	2
50	3	50	6	2
-
60	1	60	1	1
60	1	60	2	1
60	1	60	3	1
60	1	60	4	1
60	1	60	5	1
150	11	150	6	2
150	8	150	7	2
150	11	150	8	2
150	3	150	9	2
150	10	150	10	2
-
200	49	200	1	1
200	2	200	2	1
200	26	200	3	1
120	5	120	4	2
120	1	120	5	2
120	20	120	6	2
-
160	37	160	1	1
160	4	160	2	1
160	7	160	3	1
60	9	60	4	2
60	2	60	5	2
60	6	60	6	2
-
120	2	120	1	1
120	4	120	2	1
120	42	120	3	1
80	6	80	4	2
80	2	80	5	2
80	3	80	6	2
-
60	1	60	1	1
60	7	60	2	1
60	2	60	3	1
60	23	60	4	2
60	6	60	5	2
60	25	60	6	2
-
100	3	100	1	1
100	4	100	2	1
100	2	100	3	1
100	2	100	4	1
150	28	150	5	2
150	46	150	6	2
150	1	150	7	2
150	13	150	8	2
-
200	3	200	1	1
200	1	200	2	1
200	2	200	3	1
200	5	200	4	1
180	18	180	5	2
180	52	180	6	2
180	57	180	7	2
180	8	180	8	2
-
140	2	140	1	1
140	2	140	2	1
140	6	140	3	1
140	3	140	4	1
160	51	160	5	2
160	56	160	6	2
160	12	160	7	2
160	2	160	8	2
-
80	23	80	1	1
80	7	80	2	1
100	39	100	3	2
100	16	100	4	2
-
180	15	180	1	1
180	3	180	2	1
180	5	180	3	1
180	2	180	4	1
50	2	50	5	2
50	3	50	6	2
50	2	50	7	2
50	3	50	8	2
-
50	5	50	1	1
50	1	50	2	1
50	6	50	3	1
120	11	120	4	2
120	4	120	5	2
120	4	120	6	2
-
100	5	100	1	1
100	23	100	2	1
100	17	100	3	1
100	13	100	4	1
100	5	100	5	1
60	3	60	6	2
60	9	60	7	2
60	2	60	8	2
60	6	60	9	2
60	14	60	10	2
-
120	6	120	1	1
120	2	120	2	1
50	6	50	3	2
50	6	50	4	2
-
180	2	180	1	1
180	6	180	2	1
180	2	180	3	1
180	1	180	4	1
120	2	120	5	2
120	1	120	6	2
120	6	120	7	2
120	2	120	8	2
-
180	9	180	1	1
180	6	180	2	1
180	9	180	3	1
200	5	200	4	2
200	19	200	5	2
200	37	200	6	2
-
120	1	120	1	1
120	1	120	2	1
120	1	120	3	1
100	8	100	4	2
100	10	100	5	2
100	5	100	6	2
-
120	58	120	1	1
120	8	120	2	1
60	9	60	3	2
60	20	60	4	2
-
80	11	80	1	1
80	4	80	2	1
180	4	180	3	2
180	58	180	4	2
-
140	2	140	1	1
140	2	140	2	1
140	1	140	3	1
180	7	180	4	2
180	27	180	5	2
180	34	180	6	2
-
60	6	60	1	1
60	9	60	2	1
150	25	150	3	2
150	3	150	4	2
-
160	9	160	1	1
160	2	160	2	1
160	2	160	3	1
160	10	160	4	1
50	2	50	5	2
50	3	50	6	2
50	2	50	7	2
50	2	50	8	2
-
200	2	200	1	1
200	6	200	2	1
200	6	200	3	1
200	19	200	4	1
200	3	200	5	1
100	2	100	6	2
100	2	100	7	2
100	1	100	8	2
100	6	100	9	2
100	2	100	10	2
-
180	2	180	1	1
180	6	180	2	1
180	5	180	3	1
180	1	180	4	1
120	20	120	5	2
120	4	120	6	2
120	17	120	7	2
120	8	120	8	2
-
180	3	180	1	1
180	23	180	2	1
180	2	180	3	1
180	62	180	4	1
180	3	180	5	1
50	2	50	6	2
50	5	50	7	2
50	3	50	8	2
50	8	50	9	2
50	7	50	10	2
-
180	24	180	1	1
180	30	180	2	1
180	6	180	3	1
160	14	160	4	2
160	14	160	5	2
160	11	160	6	2
-
180	2	180	1	1
180	4	180	2	1
180	1	180	3	1
180	3	180	4	1
140	10	140	5	2
140	2	140	6	2
140	4	140	7	2
140	2	140	8	2
-
180	4	180	1	1
180	1	180	2	1
180	8	180	3	1
180	4	180	4	1
120	13	120	5	2
120	17	120	6	2
120	34	120	7	2
120	2	120	8	2
-
180	20	180	1	1
180	15	180	2	1
180	66	180	3	1
180	5	180	4	1
50	1	50	5	2
50	3	50	6	2
50	10	50	7	2
50	11	50	8	2
-
80	5	80	1	1
80	3	80	2	1
80	17	80	3	1
80	18	80	4	1
150	4	150	5	2
150	9	150	6	2
150	45	150	7	2
150	4	150	8	2
-
120	83	120	1	1
120	2	120	2	1
80	17	80	3	2
80	13	80	4	2
-
100	9	100	1	1
100	4	100	2	1
100	41	100	3	1
100	8	100	4	1
100	5	100	5	1
140	1	140	6	2
140	2	140	7	2
140	1	140	8	2
140	1	140	9	2
140	1	140	10	2
-
100	16	100	1	1
100	17	100	2	1
100	7	100	3	1
100	11	100	4	2
100	20	100	5	2
100	2	100	6	2
-
80	1	80	1	1
80	1	80	2	1
60	44	60	3	2
60	15	60	4	2
-
200	6	200	1	1
200	4	200	2	1
100	15	100	3	2
100	5	100	4	2
-
50	1	50	1	1
50	1	50	2	1
50	1	50	3	1
150	54	150	4	2
150	34	150	5	2
150	4	150	6	2
-
140	16	140	1	1
140	19	140	2	1
140	17	140	3	1
140	5	140	4	1
140	8	140	5	1
60	6	60	6	2
60	1	60	7	2
60	10	60	8	2
60	9	60	9	2
60	6	60	10	2
-
120	16	120	1	1
120	5	120	2	1
120	40	120	3	1
120	8	120	4	1
120	11	120	5	1
80	9	80	6	2
80	11	80	7	2
80	6	80	8	2
80	5	80	9	2
80	5	80	10	2
-
80	61	80	1	1
80	2	80	2	1
160	36	160	3	2
160	24	160	4	2
-
100	14	100	1	1
100	11	100	2	1
100	5	100	3	1
50	3	50	4	2
50	9	50	5	2
50	31	50	6	2
-
100	11	100	1	1
100	7	100	2	1
100	10	100	3	1
100	17	100	4	1
60	12	60	5	2
60	21	60	6	2
60	3	60	7	2
60	5	60	8	2
-
60	8	60	1	1
60	23	60	2	1
200	66	200	3	2
200	60	200	4	2
-
180	56	180	1	1
180	4	180	2	1
50	2	50	3	2
50	2	50	4	2
-
150	14	150	1	1
150	32	150	2	1
150	20	150	3	1
60	8	60	4	2
60	11	60	5	2
60	2	60	6	2
-
50	10	50	1	1
50	4	50	2	1
50	7	50	3	1
50	10	50	4	1
120	12	120	5	2
120	22	120	6	2
120	7	120	7	2
120	2	120	8	2
-
60	1	60	1	1
60	1	60	2	1
60	2	60	3	1
60	1	60	4	1
60	1	60	5	1
50	2	50	6	2
50	3	50	7	2
50	2	50	8	2
50	3	50	9	2
50	4	50	10	2
-
180	37	180	1	1
180	3	180	2	1
180	55	180	3	1
180	4	180	4	1
180	33	180	5	1
60	4	60	6	2
60	2	60	7	2
60	4	60	8	2
60	1	60	9	2
60	1	60	10	2
-
50	2	50	1	1
50	3	50	2	1
50	5	50	3	1
50	7	50	4	1
50	5	50	5	1
100	2	100	6	2
100	4	100	7	2
100	2	100	8	2
100	2	100	9	2
100	2	100	10	2
-
50	3	50	1	1
50	6	50	2	1
50	3	50	3	1
50	4	50	4	1
50	6	50	5	1
150	9	150	6	2
150	5	150	7	2
150	12	150	8	2
150	3	150	9	2
150	1	150	10	2
-
80	40	80	1	1
80	9	80	2	1
100	7	100	3	2
100	3	100	4	2
-
100	43	100	1	1
100	3	100	2	1
100	31	100	3	1
150	7	150	4	2
150	18	150	5	2
150	7	150	6	2
-
150	20	150	1	1
150	2	150	2	1
150	16	150	3	1
150	2	150	4	1
150	7	150	5	1
140	6	140	6	2
140	2	140	7	2
140	4	140	8	2
140	3	140	9	2
140	2	140	10	2
-
100	1	100	1	1
100	2	100	2	1
100	2	100	3	1
100	2	100	4	1
140	17	140	5	2
140	4	140	6	2
140	9	140	7	2
140	10	140	8	2
-
180	31	180	1	1
180	11	180	2	1
120	1	120	3	2
120	1	120	4	2
-
150	2	150	1	1
150	5	150	2	1
150	14	150	3	1
140	1	140	4	2
140	3	140	5	2
140	10	140	6	2
-
140	3	140	1	1
140	2	140	2	1
80	3	80	3	2
80	14	80	4	2
-
160	1	160	1	1
160	1	160	2	1
160	1	160	3	1
160	1	160	4	1
160	1	160	5	1
140	14	140	6	2
140	4	140	7	2
140	20	140	8	2
140	13	140	9	2
140	12	140	10	2
-
50	6	50	1	1
50	7	50	2	1
120	33	120	3	2
120	63	120	4	2
-
150	1	150	1	1
150	2	150	2	1
150	1	150	3	1
140	6	140	4	2
140	9	140	5	2
140	6	140	6	2
-
160	25	160	1	1
160	6	160	2	1
200	15	200	3	2
200	5	200	4	2
-
100	2	100	1	1
100	4	100	2	1
100	12	100	3	1
100	1	100	4	1
60	1	60	5	2
60	5	60	6	2
60	2	60	7	2
60	10	60	8	2
-
120	2	120	1	1
120	2	120	2	1
120	19	120	3	1
120	13	120	4	1
120	9	120	5	1
100	10	100	6	2
100	1	100	7	2
100	6	100	8	2
100	4	100	9	2
100	9	100	10	2
-
160	8	160	1	1
160	2	160	2	1
160	31	160	3	1
160	18	160	4	1
80	21	80	5	2
80	3	80	6	2
80	6	80	7	2
80	29	80	8	2
-
200	7	200	1	1
200	38	200	2	1
200	11	200	3	1
200	21	200	4	1
200	29	200	5	1
50	8	50	6	2
50	5	50	7	2
50	5	50	8	2
50	3	50	9	2
50	2	50	10	2
-
50	1	50	1	1
50	1	50	2	1
50	1	50	3	1
50	1	50	4	1
50	1	50	5	1
200	44	200	6	2
200	44	200	7	2
200	34	200	8	2
200	14	200	9	2
200	7	200	10	2
-
60	2	60	1	1
60	2	60	2	1
60	2	60	3	1
60	2	60	4	1
150	20	150	5	2
150	15	150	6	2
150	5	150	7	2
150	54	150	8	2
-
60	1	60	1	1
60	1	60	2	1
60	3	60	3	1
50	13	50	4	2
50	6	50	5	2
50	3	50	6	2
-
100	1	100	1	1
100	1	100	2	1
100	1	100	3	1
100	1	100	4	1
100	1	100	5	1
100	2	100	6	2
100	2	100	7	2
100	15	100	8	2
100	4	100	9	2
100	16	100	10	2
-
60	1	60	1	1
60	1	60	2	1
60	1	60	3	1
60	12	60	4	2
60	8	60	5	2
60	10	60	6	2
-
60	15	60	1	1
60	2	60	2	1
60	2	60	3	1
60	7	60	4	1
60	6	60	5	1
160	10	160	6	2
160	13	160	7	2
160	12	160	8	2
160	21	160	9	2
160	38	160	10	2
-
60	8	60	1	1
60	2	60	2	1
60	5	60	3	1
60	3	60	4	1
60	27	60	5	1
140	16	140	6	2
140	6	140	7	2
140	1	140	8	2
140	7	140	9	2
140	2	140	10	2
-
80	3	80	1	1
80	22	80	2	1
80	33	80	3	1
80	11	80	4	1
80	6	80	5	1
140	3	140	6	2
140	4	140	7	2
140	1	140	8	2
140	10	140	9	2
140	4	140	10	2
-
150	4	150	1	1
150	6	150	2	1
150	17	150	3	1
150	29	150	4	1
160	1	160	5	2
160	1	160	6	2
160	1	160	7	2
160	1	160	8	2
-
150	11	150	1	1
150	11	150	2	1
150	3	150	3	1
140	9	140	4	2
140	3	140	5	2
140	9	140	6	2
-
160	18	160	1	1
160	6	160	2	1
160	11	160	3	1
160	2	160	4	1
160	34	160	5	1
140	8	140	6	2
140	8	140	7	2
140	7	140	8	2
140	33	140	9	2
140	44	140	10	2
-
80	5	80	1	1
80	10	80	2	1
80	7	80	3	1
160	1	160	4	2
160	61	160	5	2
160	37	160	6	2
-
60	2	60	1	1
60	7	60	2	1
60	14	60	3	1
60	3	60	4	1
180	21	180	5	2
180	6	180	6	2
180	8	180	7	2
180	3	180	8	2
-
160	23	160	1	1
160	25	160	2	1
160	48	160	3	1
160	32	160	4	1
200	20	200	5	2
200	1	200	6	2
200	21	200	7	2
200	5	200	8	2
-
150	1	150	1	1
150	1	150	2	1
150	1	150	3	1
150	1	150	4	1
150	1	150	5	1
80	4	80	6	2
80	18	80	7	2
80	20	80	8	2
80	5	80	9	2
80	6	80	10	2
-
160	54	160	1	1
160	9	160	2	1
160	119	160	3	2
160	7	160	4	2
-
100	19	100	1	1
100	17	100	2	1
100	17	100	3	1
100	18	100	4	1
150	2	150	5	2
150	1	150	6	2
150	3	150	7	2
150	2	150	8	2
-
100	1	100	1	1
100	1	100	2	1
200	24	200	3	2
200	19	200	4	2
-
180	70	180	1	1
180	70	180	2	1
50	5	50	3	2
50	4	50	4	2
-
60	1	60	1	1
60	1	60	2	1
60	1	60	3	1
160	6	160	4	2
160	2	160	5	2
160	2	160	6	2
-
60	16	60	1	1
60	3	60	2	1
60	9	60	3	1
60	1	60	4	2
60	1	60	5	2
60	1	60	6	2
-
100	10	100	1	1
100	16	100	2	1
100	12	100	3	1
160	13	160	4	2
160	3	160	5	2
160	7	160	6	2
-
150	12	150	1	1
150	18	150	2	1
100	40	100	3	2
100	42	100	4	2
-
200	3	200	1	1
200	44	200	2	1
200	31	200	3	1
200	17	200	4	1
200	8	200	5	1
80	6	80	6	2
80	3	80	7	2
80	4	80	8	2
80	3	80	9	2
80	3	80	10	2
-
150	1	150	1	1
150	5	150	2	1
150	1	150	3	1
150	8	150	4	1
150	12	150	5	1
50	3	50	6	2
50	7	50	7	2
50	3	50	8	2
50	19	50	9	2
50	9	50	10	2
-
120	4	120	1	1
120	1	120	2	1
120	1	120	3	1
50	1	50	4	2
50	20	50	5	2
50	5	50	6	2
-
150	2	150	1	1
150	11	150	2	1
150	21	150	3	1
150	9	150	4	1
60	5	60	5	2
60	11	60	6	2
60	4	60	7	2
60	5	60	8	2
-
60	1	60	1	1
60	1	60	2	1
60	1	60	3	1
60	2	60	4	1
60	1	60	5	1
50	6	50	6	2
50	5	50	7	2
50	3	50	8	2
50	1	50	9	2
50	1	50	10	2
-
100	5	100	1	1
100	9	100	2	1
100	4	100	3	1
100	6	100	4	1
140	3	140	5	2
140	6	140	6	2
140	13	140	7	2
140	3	140	8	2
-
80	38	80	1	1
80	10	80	2	1
80	2	80	3	1
80	16	80	4	1
80	8	80	5	1
200	10	200	6	2
200	2	200	7	2
200	1	200	8	2
200	5	200	9	2
200	1	200	10	2
-
150	12	150	1	1
150	2	150	2	1
150	4	150	3	1
150	2	150	4	1
50	1	50	5	2
50	1	50	6	2
50	1	50	7	2
50	1	50	8	2
-
120	3	120	1	1
120	2	120	2	1
120	10	120	3	1
120	2	120	4	1
160	12	160	5	2
160	26	160	6	2
160	11	160	7	2
160	8	160	8	2
-
160	2	160	1	1
160	7	160	2	1
160	18	160	3	1
160	6	160	4	1
140	21	140	5	2
140	5	140	6	2
140	29	140	7	2
140	2	140	8	2
-
140	8	140	1	1
140	40	140	2	1
140	54	140	3	1
140	9	140	4	1
140	19	140	5	1
100	3	100	6	2
100	1	100	7	2
100	3	100	8	2
100	2	100	9	2
100	3	100	10	2
-
80	31	80	1	1
80	10	80	2	1
80	2	80	3	1
180	28	180	4	2
180	4	180	5	2
180	5	180	6	2
-
180	3	180	1	1
180	3	180	2	1
180	5	180	3	1
60	4	60	4	2
60	8	60	5	2
60	1	60	6	2
-
150	43	150	1	1
150	10	150	2	1
120	67	120	3	2
120	6	120	4	2
-
120	1	120	1	1
120	1	120	2	1
120	10	120	3	2
120	3	120	4	2
-
80	3	80	1	1
80	16	80	2	1
80	6	80	3	1
80	6	80	4	2
80	7	80	5	2
80	10	80	6	2
-
120	2	120	1	1
120	1	120	2	1
120	7	120	3	1
120	11	120	4	1
120	1	120	5	1
50	10	50	6	2
50	8	50	7	2
50	9	50	8	2
50	6	50	9	2
50	7	50	10	2
-
150	23	150	1	1
150	12	150	2	1
150	21	150	3	1
150	9	150	4	1
140	34	140	5	2
140	11	140	6	2
140	7	140	7	2
140	19	140	8	2
-
100	41	100	1	1
100	2	100	2	1
100	26	100	3	2
100	8	100	4	2
-
100	5	100	1	1
100	6	100	2	1
100	2	100	3	1
100	5	100	4	1
100	3	100	5	1
60	1	60	6	2
60	1	60	7	2
60	1	60	8	2
60	1	60	9	2
60	1	60	10	2
-
100	33	100	1	1
100	2	100	2	1
100	8	100	3	1
80	31	80	4	2
80	10	80	5	2
80	4	80	6	2
-
180	74	180	1	1
180	3	180	2	1
180	44	180	3	1
160	43	160	4	2
160	8	160	5	2
160	4	160	6	2
-
180	15	180	1	1
180	16	180	2	1
180	1	180	3	1
180	8	180	4	1
200	41	200	5	2
200	98	200	6	2
200	7	200	7	2
200	47	200	8	2
-
140	16	140	1	1
140	5	140	2	1
140	2	140	3	1
140	1	140	4	1
140	6	140	5	1
100	13	100	6	2
100	8	100	7	2
100	11	100	8	2
100	10	100	9	2
100	3	100	10	2
-
80	3	80	1	1
80	15	80	2	1
160	3	160	3	2
160	9	160	4	2
-
80	10	80	1	1
80	2	80	2	1
80	3	80	3	1
80	4	80	4	1
80	1	80	5	1
50	3	50	6	2
50	1	50	7	2
50	4	50	8	2
50	3	50	9	2
50	2	50	10	2
-
150	49	150	1	1
150	37	150	2	1
140	11	140	3	2
140	1	140	4	2
-
60	4	60	1	1
60	3	60	2	1
60	3	60	3	1
60	3	60	4	1
150	7	150	5	2
150	21	150	6	2
150	50	150	7	2
150	34	150	8	2
-
60	1	60	1	1
60	1	60	2	1
60	1	60	3	1
60	1	60	4	1
140	9	140	5	2
140	23	140	6	2
140	8	140	7	2
140	26	140	8	2
-
200	7	200	1	1
200	50	200	2	1
180	2	180	3	2
180	2	180	4	2
-
140	4	140	1	1
140	17	140	2	1
140	58	140	3	1
120	1	120	4	2
120	1	120	5	2
120	1	120	6	2
-
140	9	140	1	1
140	55	140	2	1
120	2	120	3	2
120	7	120	4	2
-
200	1	200	1	1
200	3	200	2	1
200	2	200	3	1
200	1	200	4	1
200	3	200	5	1
60	8	60	6	2
60	4	60	7	2
60	1	60	8	2
60	2	60	9	2
60	5	60	10	2
-
120	4	120	1	1
120	2	120	2	1
120	1	120	3	1
120	4	120	4	1
80	7	80	5	2
80	8	80	6	2
80	17	80	7	2
80	3	80	8	2
-
160	20	160	1	1
160	14	160	2	1
140	12	140	3	2
140	4	140	4	2
-
120	5	120	1	1
120	8	120	2	1
120	1	120	3	1
150	1	150	4	2
150	1	150	5	2
150	1	150	6	2
-
180	3	180	1	1
180	9	180	2	1
180	7	180	3	1
180	22	180	4	1
100	4	100	5	2
100	4	100	6	2
100	2	100	7	2
100	4	100	8	2
-
140	11	140	1	1
140	1	140	2	1
140	8	140	3	1
140	8	140	4	1
140	1	140	5	2
140	1	140	6	2
140	1	140	7	2
140	1	140	8	2
-
100	3	100	1	1
100	7	100	2	1
100	2	100	3	1
100	3	100	4	1
100	3	100	5	1
100	3	100	6	2
100	2	100	7	2
100	5	100	8	2
100	6	100	9	2
100	2	100	10	2
-
200	3	200	1	1
200	3	200	2	1
200	3	200	3	1
200	3	200	4	1
200	2	200	5	1
80	1	80	6	2
80	1	80	7	2
80	2	80	8	2
80	1	80	9	2
80	1	80	10	2
-
160	2	160	1	1
160	12	160	2	1
160	28	160	3	1
120	14	120	4	2
120	4	120	5	2
120	6	120	6	2
-
180	4	180	1	1
180	4	180	2	1
180	9	180	3	1
180	3	180	4	1
180	7	180	5	1
50	7	50	6	2
50	1	50	7	2
50	1	50	8	2
50	3	50	9	2
50	6	50	10	2
-
50	2	50	1	1
50	2	50	2	1
50	1	50	3	1
50	2	50	4	1
50	2	50	5	1
160	2	160	6	2
160	1	160	7	2
160	1	160	8	2
160	1	160	9	2
160	1	160	10	2
-
60	10	60	1	1
60	7	60	2	1
60	5	60	3	1
60	8	60	4	1
60	2	60	5	1
100	6	100	6	2
100	7	100	7	2
100	11	100	8	2
100	7	100	9	2
100	2	100	10	2
-
160	13	160	1	1
160	51	160	2	1
160	19	160	3	1
60	2	60	4	2
60	2	60	5	2
60	2	60	6	2
-
60	6	60	1	1
60	1	60	2	1
160	34	160	3	2
160	77	160	4	2
-
200	77	200	1	1
200	3	200	2	1
200	12	200	3	1
140	20	140	4	2
140	5	140	5	2
140	47	140	6	2
-
180	72	180	1	1
180	13	180	2	1
80	12	80	3	2
80	38	80	4	2
-
180	4	180	1	1
180	4	180	2	1
180	62	180	3	1
200	37	200	4	2
200	4	200	5	2
200	14	200	6	2
-
50	6	50	1	1
50	7	50	2	1
50	20	50	3	1
200	14	200	4	2
200	22	200	5	2
200	2	200	6	2
-
180	4	180	1	1
180	5	180	2	1
180	4	180	3	1
160	40	160	4	2
160	17	160	5	2
160	82	160	6	2
-
100	6	100	1	1
100	10	100	2	1
100	3	100	3	1
160	32	160	4	2
160	29	160	5	2
160	2	160	6	2
-
180	22	180	1	1
180	1	180	2	1
180	66	180	3	1
200	6	200	4	2
200	15	200	5	2
200	4	200	6	2
-
60	2	60	1	1
60	3	60	2	1
140	66	140	3	2
140	69	140	4	2
-
50	4	50	1	1
50	3	50	2	1
50	10	50	3	1
120	1	120	4	2
120	6	120	5	2
120	39	120	6	2
-
100	21	100	1	1
100	8	100	2	1
100	29	100	3	1
100	14	100	4	1
50	1	50	5	2
50	3	50	6	2
50	1	50	7	2
50	2	50	8	2
-
120	11	120	1	1
120	5	120	2	1
180	1	180	3	2
180	1	180	4	2
-
60	6	60	1	1
60	11	60	2	1
60	7	60	3	1
80	1	80	4	2
80	2	80	5	2
80	2	80	6	2
-
80	14	80	1	1
80	3	80	2	1
80	4	80	3	1
80	2	80	4	1
80	3	80	5	1
200	74	200	6	2
200	17	200	7	2
200	24	200	8	2
200	19	200	9	2
200	33	200	10	2
-
60	2	60	1	1
60	3	60	2	1
60	2	60	3	1
60	8	60	4	1
60	4	60	5	1
50	4	50	6	2
50	7	50	7	2
50	4	50	8	2
50	2	50	9	2
50	5	50	10	2
-
200	44	200	1	1
200	12	200	2	1
60	2	60	3	2
60	14	60	4	2
-
160	5	160	1	1
160	11	160	2	1
160	23	160	3	1
160	8	160	4	1
160	5	160	5	1
100	1	100	6	2
100	1	100	7	2
100	1	100	8	2
100	1	100	9	2
100	1	100	10	2
-
150	1	150	1	1
150	1	150	2	1
150	1	150	3	1
50	1	50	4	2
50	4	50	5	2
50	3	50	6	2
-
160	4	160	1	1
160	3	160	2	1
60	3	60	3	2
60	2	60	4	2
-
160	50	160	1	1
160	22	160	2	1
160	25	160	3	1
160	17	160	4	1
160	11	160	5	2
160	21	160	6	2
160	5	160	7	2
160	10	160	8	2
-
200	133	200	1	1
200	6	200	2	1
200	30	200	3	1
200	21	200	4	1
60	10	60	5	2
60	1	60	6	2
60	2	60	7	2
60	2	60	8	2
-
140	37	140	1	1
140	11	140	2	1
60	20	60	3	2
60	24	60	4	2
-
200	74	200	1	1
200	1	200	2	1
160	1	160	3	2
160	2	160	4	2
-
200	12	200	1	1
200	11	200	2	1
200	31	200	3	1
200	6	200	4	1
200	15	200	5	1
150	1	150	6	2
150	27	150	7	2
150	2	150	8	2
150	23	150	9	2
150	7	150	10	2
-
50	3	50	1	1
50	2	50	2	1
50	1	50	3	1
50	23	50	4	1
50	5	50	5	1
100	6	100	6	2
100	3	100	7	2
100	2	100	8	2
100	2	100	9	2
100	2	100	10	2
-
160	38	160	1	1
160	25	160	2	1
160	86	160	3	1
200	17	200	4	2
200	15	200	5	2
200	13	200	6	2
-
80	1	80	1	1
80	1	80	2	1
80	1	80	3	1
80	1	80	4	1
80	1	80	5	1
60	5	60	6	2
60	5	60	7	2
60	11	60	8	2
60	19	60	9	2
60	4	60	10	2
-
80	32	80	1	1
80	27	80	2	1
80	1	80	3	1
80	19	80	4	1
50	2	50	5	2
50	1	50	6	2
50	1	50	7	2
50	1	50	8	2
-
100	15	100	1	1
100	9	100	2	1
100	51	100	3	1
140	4	140	4	2
140	19	140	5	2
140	36	140	6	2
-
150	5	150	1	1
150	8	150	2	1
150	2	150	3	1
150	5	150	4	1
180	7	180	5	2
180	18	180	6	2
180	3	180	7	2
180	44	180	8	2
-
180	2	180	1	1
180	1	180	2	1
180	1	180	3	1
80	20	80	4	2
80	6	80	5	2
80	29	80	6	2
-
150	11	150	1	1
150	19	150	2	1
150	44	150	3	1
60	2	60	4	2
60	1	60	5	2
60	1	60	6	2
-
80	1	80	1	1
80	4	80	2	1
80	3	80	3	1
80	2	80	4	1
80	4	80	5	1
100	1	100	6	2
100	1	100	7	2
100	1	100	8	2
100	1	100	9	2
100	1	100	10	2
-
150	91	150	1	1
150	17	150	2	1
150	5	150	3	1
160	6	160	4	2
160	26	160	5	2
160	6	160	6	2
-
150	1	150	1	1
150	1	150	2	1
150	1	150	3	1
150	1	150	4	1
150	1	150	5	1
160	3	160	6	2
160	12	160	7	2
160	4	160	8	2
160	7	160	9	2
160	3	160	10	2
-
100	11	100	1	1
100	6	100	2	1
100	27	100	3	1
100	3	100	4	1
150	1	150	5	2
150	1	150	6	2
150	1	150	7	2
150	1	150	8	2
-
180	5	180	1	1
180	34	180	2	1
180	9	180	3	1
180	27	180	4	1
180	7	180	5	1
100	2	100	6	2
100	1	100	7	2
100	1	100	8	2
100	2	100	9	2
100	1	100	10	2
-
100	12	100	1	1
100	17	100	2	1
100	2	100	3	1
100	5	100	4	1
100	15	100	5	1
140	6	140	6	2
140	17	140	7	2
140	3	140	8	2
140	10	140	9	2
140	6	140	10	2
-
140	29	140	1	1
140	43	140	2	1
160	5	160	3	2
160	25	160	4	2
-
180	3	180	1	1
180	3	180	2	1
180	2	180	3	1
180	9	180	4	1
180	2	180	5	1
160	1	160	6	2
160	3	160	7	2
160	2	160	8	2
160	1	160	9	2
160	1	160	10	2
-
120	8	120	1	1
120	13	120	2	1
120	21	120	3	1
100	34	100	4	2
100	1	100	5	2
100	16	100	6	2
-
200	48	200	1	1
200	2	200	2	1
80	5	80	3	2
80	2	80	4	2
-
200	41	200	1	1
200	10	200	2	1
200	2	200	3	1
200	14	200	4	1
200	10	200	5	1
180	5	180	6	2
180	3	180	7	2
180	6	180	8	2
180	1	180	9	2
180	19	180	10	2
-
50	2	50	1	1
50	32	50	2	1
120	9	120	3	2
120	10	120	4	2
-
80	2	80	1	1
80	1	80	2	1
80	6	80	3	1
80	3	80	4	1
80	1	80	5	1
80	2	80	6	2
80	2	80	7	2
80	4	80	8	2
80	3	80	9	2
80	2	80	10	2
-
140	58	140	1	1
140	18	140	2	1
140	16	140	3	1
140	7	140	4	1
140	8	140	5	2
140	1	140	6	2
140	6	140	7	2
140	5	140	8	2
-
60	35	60	1	1
60	8	60	2	1
60	2	60	3	2
60	1	60	4	2
-
140	5	140	1	1
140	7	140	2	1
140	13	140	3	1
140	5	140	4	1
140	21	140	5	1
100	11	100	6	2
100	33	100	7	2
100	1	100	8	2
100	14	100	9	2
100	24	100	10	2
-
150	8	150	1	1
150	11	150	2	1
150	24	150	3	1
150	29	150	4	1
150	4	150	5	1
60	9	60	6	2
60	3	60	7	2
60	16	60	8	2
60	2	60	9	2
60	5	60	10	2
-
50	8	50	1	1
50	21	50	2	1
180	2	180	3	2
180	2	180	4	2
-
140	3	140	1	1
140	2	140	2	1
140	2	140	3	1
140	2	140	4	1
140	1	140	5	1
200	1	200	6	2
200	2	200	7	2
200	9	200	8	2
200	10	200	9	2
200	10	200	10	2
-
60	1	60	1	1
60	2	60	2	1
60	1	60	3	1
80	2	80	4	2
80	3	80	5	2
80	2	80	6	2
-
160	6	160	1	1
160	2	160	2	1
160	5	160	3	1
160	9	160	4	1
150	2	150	5	2
150	2	150	6	2
150	2	150	7	2
150	3	150	8	2
-
180	2	180	1	1
180	2	180	2	1
180	1	180	3	1
180	1	180	4	1
80	16	80	5	2
80	3	80	6	2
80	12	80	7	2
80	3	80	8	2
-
80	1	80	1	1
80	2	80	2	1
200	22	200	3	2
200	27	200	4	2
-
60	10	60	1	1
60	15	60	2	1
60	10	60	3	1
200	29	200	4	2
200	4	200	5	2
200	17	200	6	2
-
180	16	180	1	1
180	84	180	2	1
180	1	180	3	1
60	7	60	4	2
60	21	60	5	2
60	9	60	6	2
-
100	34	100	1	1
100	2	100	2	1
200	1	200	3	2
200	9	200	4	2
-
180	2	180	1	1
180	27	180	2	1
100	1	100	3	2
100	5	100	4	2
-
150	5	150	1	1
150	2	150	2	1
150	1	150	3	1
150	19	150	4	1
150	3	150	5	1
60	7	60	6	2
60	11	60	7	2
60	11	60	8	2
60	2	60	9	2
60	4	60	10	2
-
80	11	80	1	1
80	27	80	2	1
60	19	60	3	2
60	17	60	4	2
-
60	1	60	1	1
60	27	60	2	1
140	41	140	3	2
140	40	140	4	2
-
150	4	150	1	1
150	22	150	2	1
150	22	150	3	1
80	3	80	4	2
80	2	80	5	2
80	3	80	6	2
-
140	13	140	1	1
140	5	140	2	1
140	1	140	3	1
180	22	180	4	2
180	49	180	5	2
180	14	180	6	2
-
140	32	140	1	1
140	5	140	2	1
140	41	140	3	1
140	2	140	4	1
140	9	140	5	1
120	4	120	6	2
120	9	120	7	2
120	7	120	8	2
120	4	120	9	2
120	4	120	10	2
-
160	23	160	1	1
160	2	160	2	1
160	36	160	3	1
100	5	100	4	2
100	8	100	5	2
100	60	100	6	2
-
50	12	50	1	1
50	1	50	2	1
50	6	50	3	1
160	15	160	4	2
160	3	160	5	2
160	25	160	6	2
-
100	1	100	1	1
100	1	100	2	1
100	1	100	3	1
60	7	60	4	2
60	4	60	5	2
60	2	60	6	2
-
50	2	50	1	1
50	1	50	2	1
50	2	50	3	1
180	65	180	4	2
180	60	180	5	2
180	2	180	6	2
-
80	2	80	1	1
80	3	80	2	1
80	6	80	3	1
80	6	80	4	1
60	6	60	5	2
60	3	60	6	2
60	6	60	7	2
60	18	60	8	2
-
50	1	50	1	1
50	4	50	2	1
50	2	50	3	1
50	2	50	4	1
120	31	120	5	2
120	2	120	6	2
120	3	120	7	2
120	3	120	8	2
-
120	7	120	1	1
120	12	120	2	1
160	3	160	3	2
160	55	160	4	2
-
120	1	120	1	1
120	1	120	2	1
120	1	120	3	1
120	5	120	4	2
120	12	120	5	2
120	14	120	6	2
-
180	3	180	1	1
180	1	180	2	1
180	38	180	3	1
180	18	180	4	1
180	3	180	5	1
140	1	140	6	2
140	3	140	7	2
140	2	140	8	2
140	1	140	9	2
140	1	140	10	2
-
60	2	60	1	1
60	1	60	2	1
60	4	60	3	1
60	4	60	4	1
100	6	100	5	2
100	1	100	6	2
100	8	100	7	2
100	12	100	8	2
-
100	10	100	1	1
100	11	100	2	1
100	4	100	3	1
100	4	100	4	1
100	9	100	5	2
100	11	100	6	2
100	10	100	7	2
100	6	100	8	2
-
160	15	160	1	1
160	7	160	2	1
160	3	160	3	1
150	5	150	4	2
150	16	150	5	2
150	10	150	6	2
-
160	1	160	1	1
160	2	160	2	1
160	2	160	3	1
160	2	160	4	1
160	1	160	5	1
60	2	60	6	2
60	2	60	7	2
60	5	60	8	2
60	2	60	9	2
60	1	60	10	2
-
80	6	80	1	1
80	1	80	2	1
140	3	140	3	2
140	31	140	4	2
-
180	2	180	1	1
180	12	180	2	1
180	15	180	3	1
60	4	60	4	2
60	9	60	5	2
60	2	60	6	2
-
140	8	140	1	1
140	3	140	2	1
140	53	140	3	1
140	6	140	4	1
200	67	200	5	2
200	9	200	6	2
200	21	200	7	2
200	33	200	8	2
-
120	1	120	1	1
120	5	120	2	1
120	18	120	3	1
120	6	120	4	1
120	2	120	5	1
50	7	50	6	2
50	2	50	7	2
50	1	50	8	2
50	6	50	9	2
50	2	50	10	2
-
160	3	160	1	1
160	2	160	2	1
100	9	100	3	2
100	17	100	4	2
-
80	5	80	1	1
80	11	80	2	1
50	14	50	3	2
50	2	50	4	2
-
60	1	60	1	1
60	1	60	2	1
60	1	60	3	1
60	1	60	4	1
60	1	60	5	1
200	86	200	6	2
200	8	200	7	2
200	40	200	8	2
200	31	200	9	2
200	27	200	10	2
-
120	2	120	1	1
120	7	120	2	1
120	6	120	3	1
80	19	80	4	2
80	5	80	5	2
80	23	80	6	2
-
80	49	80	1	1
80	13	80	2	1
60	17	60	3	2
60	4	60	4	2
-
50	9	50	1	1
50	1	50	2	1
50	3	50	3	1
50	3	50	4	1
50	10	50	5	1
50	1	50	6	2
50	3	50	7	2
50	2	50	8	2
50	2	50	9	2
50	1	50	10	2
-
80	32	80	1	1
80	32	80	2	1
100	10	100	3	2
100	7	100	4	2
-
140	3	140	1	1
140	10	140	2	1
140	7	140	3	1
140	4	140	4	1
80	11	80	5	2
80	7	80	6	2
80	2	80	7	2
80	1	80	8	2
-
160	7	160	1	1
160	7	160	2	1
160	4	160	3	1
160	6	160	4	1
140	32	140	5	2
140	24	140	6	2
140	13	140	7	2
140	13	140	8	2
-
50	5	50	1	1
50	14	50	2	1
200	34	200	3	2
200	31	200	4	2
-
160	20	160	1	1
160	11	160	2	1
160	8	160	3	1
160	5	160	4	1
200	1	200	5	2
200	1	200	6	2
200	1	200	7	2
200	1	200	8	2
-
50	33	50	1	1
50	2	50	2	1
50	12	50	3	1
160	22	160	4	2
160	15	160	5	2
160	3	160	6	2
-
120	1	120	1	1
120	2	120	2	1
120	2	120	3	1
120	1	120	4	1
200	46	200	5	2
200	14	200	6	2
200	4	200	7	2
200	92	200	8	2
-
100	10	100	1	1
100	23	100	2	1
100	3	100	3	1
140	7	140	4	2
140	42	140	5	2
140	6	140	6	2
-
160	112	160	1	1
160	7	160	2	1
160	39	160	3	1
80	1	80	4	2
80	1	80	5	2
80	1	80	6	2
-
180	9	180	1	1
180	42	180	2	1
180	20	180	3	1
180	28	180	4	1
180	49	180	5	1
80	1	80	6	2
80	2	80	7	2
80	2	80	8	2
80	1	80	9	2
80	1	80	10	2
-
80	6	80	1	1
80	6	80	2	1
80	4	80	3	1
80	8	80	4	1
80	1	80	5	1
120	24	120	6	2
120	29	120	7	2
120	21	120	8	2
120	3	120	9	2
120	2	120	10	2
-
80	1	80	1	1
80	1	80	2	1
80	1	80	3	1
80	1	80	4	1
80	1	80	5	1
80	7	80	6	2
80	2	80	7	2
80	4	80	8	2
80	20	80	9	2
80	1	80	10	2
-
120	2	120	1	1
120	15	120	2	1
120	7	120	3	1
120	9	120	4	1
60	3	60	5	2
60	9	60	6	2
60	7	60	7	2
60	13	60	8	2
-
80	5	80	1	1
80	11	80	2	1
80	3	80	3	1
160	3	160	4	2
160	5	160	5	2
160	11	160	6	2
-
200	20	200	1	1
200	52	200	2	1
200	10	200	3	1
180	38	180	4	2
180	7	180	5	2
180	44	180	6	2
-
100	9	100	1	1
100	4	100	2	1
100	2	100	3	1
100	7	100	4	1
80	1	80	5	2
80	2	80	6	2
80	1	80	7	2
80	1	80	8	2
-
200	2	200	1	1
200	37	200	2	1
200	17	200	3	1
200	12	200	4	1
120	1	120	5	2
120	1	120	6	2
120	1	120	7	2
120	1	120	8	2
-
100	7	100	1	1
100	18	100	2	1
100	19	100	3	1
100	35	100	4	1
180	5	180	5	2
180	5	180	6	2
180	2	180	7	2
180	13	180	8	2
-
160	19	160	1	1
160	12	160	2	1
60	5	60	3	2
60	17	60	4	2
-
80	2	80	1	1
80	3	80	2	1
150	16	150	3	2
150	6	150	4	2
-
160	15	160	1	1
160	13	160	2	1
160	6	160	3	1
160	1	160	4	1
100	1	100	5	2
100	1	100	6	2
100	1	100	7	2
100	2	100	8	2
-
120	2	120	1	1
120	2	120	2	1
120	1	120	3	1
120	3	120	4	1
180	2	180	5	2
180	4	180	6	2
180	3	180	7	2
180	2	180	8	2
-
160	9	160	1	1
160	33	160	2	1
160	12	160	3	1
160	21	160	4	1
180	9	180	5	2
180	4	180	6	2
180	10	180	7	2
180	17	180	8	2
-
180	1	180	1	1
180	1	180	2	1
180	1	180	3	1
180	40	180	4	2
180	11	180	5	2
180	58	180	6	2
-
100	3	100	1	1
100	43	100	2	1
150	90	150	3	2
150	12	150	4	2
-
50	3	50	1	1
50	5	50	2	1
50	5	50	3	1
50	2	50	4	1
200	49	200	5	2
200	8	200	6	2
200	17	200	7	2
200	11	200	8	2
-
60	12	60	1	1
60	13	60	2	1
140	12	140	3	2
140	67	140	4	2
-
160	24	160	1	1
160	13	160	2	1
160	21	160	3	1
160	9	160	4	2
160	3	160	5	2
160	1	160	6	2
-
180	5	180	1	1
180	3	180	2	1
180	42	180	3	2
180	22	180	4	2
-
60	6	60	1	1
60	23	60	2	1
180	24	180	3	2
180	81	180	4	2
-
60	4	60	1	1
60	20	60	2	1
60	5	60	3	1
120	14	120	4	2
120	8	120	5	2
120	28	120	6	2
-
120	35	120	1	1
120	22	120	2	1
140	50	140	3	2
140	6	140	4	2
-
140	3	140	1	1
140	8	140	2	1
140	4	140	3	1
80	17	80	4	2
80	2	80	5	2
80	10	80	6	2
-
180	1	180	1	1
180	1	180	2	1
180	1	180	3	1
180	1	180	4	1
150	6	150	5	2
150	4	150	6	2
150	5	150	7	2
150	3	150	8	2
-
160	5	160	1	1
160	4	160	2	1
160	5	160	3	1
160	8	160	4	1
160	4	160	5	1
150	2	150	6	2
150	5	150	7	2
150	66	150	8	2
150	8	150	9	2
150	20	150	10	2
-
180	2	180	1	1
180	14	180	2	1
180	2	180	3	1
180	14	180	4	1
180	2	180	5	1
200	8	200	6	2
200	17	200	7	2
200	25	200	8	2
200	11	200	9	2
200	43	200	10	2
-
140	9	140	1	1
140	15	140	2	1
50	24	50	3	2
50	12	50	4	2
-
200	7	200	1	1
200	13	200	2	1
140	6	140	3	2
140	1	140	4	2
-
160	8	160	1	1
160	7	160	2	1
160	5	160	3	1
160	9	160	4	1
140	3	140	5	2
140	16	140	6	2
140	20	140	7	2
140	7	140	8	2
-
80	7	80	1	1
80	3	80	2	1
80	14	80	3	1
80	5	80	4	1
50	7	50	5	2
50	2	50	6	2
50	3	50	7	2
50	4	50	8	2
-
100	2	100	1	1
100	3	100	2	1
100	3	100	3	1
100	1	100	4	1
100	1	100	5	1
200	3	200	6	2
200	8	200	7	2
200	10	200	8	2
200	2	200	9	2
200	15	200	10	2
-
120	2	120	1	1
120	16	120	2	1
100	18	100	3	2
100	54	100	4	2
-
60	21	60	1	1
60	12	60	2	1
150	17	150	3	2
150	29	150	4	2
-
140	4	140	1	1
140	6	140	2	1
120	17	120	3	2
120	4	120	4	2
-
120	1	120	1	1
120	1	120	2	1
120	1	120	3	1
200	14	200	4	2
200	5	200	5	2
200	2	200	6	2
-
60	1	60	1	1
60	1	60	2	1
60	1	60	3	1
60	1	60	4	1
50	2	50	5	2
50	1	50	6	2
50	1	50	7	2
50	2	50	8	2
-
50	2	50	1	1
50	2	50	2	1
50	1	50	3	1
50	1	50	4	1
50	2	50	5	1
60	1	60	6	2
60	1	60	7	2
60	1	60	8	2
60	1	60	9	2
60	1	60	10	2
-
160	9	160	1	1
160	47	160	2	1
120	16	120	3	2
120	16	120	4	2
-
160	4	160	1	1
160	3	160	2	1
160	2	160	3	1
160	10	160	4	1
160	3	160	5	2
160	14	160	6	2
160	18	160	7	2
160	12	160	8	2
-
140	71	140	1	1
140	12	140	2	1
200	52	200	3	2
200	69	200	4	2
-
60	26	60	1	1
60	3	60	2	1
60	17	60	3	1
60	3	60	4	1
50	6	50	5	2
50	3	50	6	2
50	3	50	7	2
50	7	50	8	2
-
140	27	140	1	1
140	25	140	2	1
150	26	150	3	2
150	20	150	4	2
-
120	21	120	1	1
120	36	120	2	1
100	1	100	3	2
100	1	100	4	2
-
60	1	60	1	1
60	2	60	2	1
60	1	60	3	1
60	2	60	4	1
60	4	60	5	1
180	9	180	6	2
180	4	180	7	2
180	4	180	8	2
180	3	180	9	2
180	5	180	10	2
-
180	7	180	1	1
180	24	180	2	1
50	7	50	3	2
50	14	50	4	2
-
80	2	80	1	1
80	2	80	2	1
80	2	80	3	1
80	3	80	4	1
150	54	150	5	2
150	56	150	6	2
150	2	150	7	2
150	18	150	8	2
-
180	2	180	1	1
180	8	180	2	1
180	20	180	3	1
120	6	120	4	2
120	49	120	5	2
120	2	120	6	2
-
60	6	60	1	1
60	2	60	2	1
60	12	60	3	1
60	4	60	4	1
60	4	60	5	1
80	3	80	6	2
80	4	80	7	2
80	3	80	8	2
80	3	80	9	2
80	1	80	10	2
-
50	1	50	1	1
50	2	50	2	1
50	3	50	3	1
140	3	140	4	2
140	39	140	5	2
140	2	140	6	2
-
150	21	150	1	1
150	7	150	2	1
150	17	150	3	1
160	37	160	4	2
160	8	160	5	2
160	29	160	6	2
-
